prediction	angry	disgust	fear	happy	sad	surprise	neutral
sad	0.155	0.007	0.122	0.000	0.671	0.002	0.042
sad	0.099	0.006	0.048	0.007	0.660	0.001	0.179
sad	0.119	0.002	0.043	0.006	0.659	0.001	0.170
sad	0.091	0.002	0.050	0.005	0.697	0.001	0.155
sad	0.102	0.002	0.055	0.004	0.518	0.004	0.316
neutral	0.133	0.002	0.058	0.011	0.297	0.007	0.492
neutral	0.136	0.001	0.036	0.013	0.287	0.005	0.521
sad	0.124	0.001	0.048	0.010	0.479	0.002	0.336
neutral	0.072	0.001	0.047	0.009	0.231	0.005	0.636
neutral	0.135	0.001	0.036	0.009	0.297	0.004	0.516
sad	0.092	0.001	0.097	0.005	0.610	0.002	0.193
sad	0.087	0.002	0.109	0.003	0.563	0.002	0.235
sad	0.066	0.001	0.085	0.004	0.541	0.003	0.300
sad	0.124	0.003	0.054	0.006	0.545	0.003	0.265
sad	0.135	0.002	0.072	0.006	0.558	0.003	0.223
sad	0.173	0.005	0.050	0.009	0.450	0.003	0.311
sad	0.101	0.002	0.040	0.010	0.469	0.003	0.374
sad	0.148	0.002	0.050	0.008	0.503	0.004	0.285
sad	0.159	0.002	0.059	0.011	0.396	0.003	0.371
neutral	0.156	0.005	0.043	0.015	0.360	0.003	0.419
neutral	0.177	0.002	0.066	0.017	0.360	0.005	0.374
neutral	0.097	0.001	0.045	0.012	0.389	0.004	0.451
sad	0.077	0.002	0.087	0.005	0.614	0.002	0.213
sad	0.081	0.001	0.084	0.008	0.607	0.002	0.216
sad	0.144	0.003	0.074	0.005	0.591	0.001	0.181
sad	0.129	0.001	0.066	0.006	0.641	0.001	0.156
sad	0.150	0.002	0.088	0.004	0.609	0.001	0.147
sad	0.110	0.001	0.088	0.004	0.464	0.004	0.329
neutral	0.137	0.001	0.098	0.013	0.333	0.007	0.410
neutral	0.129	0.001	0.082	0.010	0.334	0.004	0.438
sad	0.173	0.001	0.128	0.023	0.356	0.010	0.309
neutral	0.106	0.001	0.057	0.013	0.402	0.007	0.414
neutral	0.164	0.001	0.062	0.014	0.377	0.005	0.377
neutral	0.154	0.002	0.064	0.011	0.355	0.007	0.407
sad	0.134	0.002	0.050	0.007	0.695	0.000	0.112
sad	0.182	0.004	0.059	0.004	0.582	0.002	0.168
sad	0.180	0.003	0.047	0.007	0.515	0.002	0.247
sad	0.139	0.002	0.049	0.005	0.697	0.000	0.107
sad	0.117	0.002	0.052	0.003	0.738	0.000	0.087
sad	0.127	0.002	0.083	0.008	0.534	0.004	0.243
sad	0.125	0.001	0.067	0.005	0.532	0.004	0.266
sad	0.140	0.001	0.056	0.013	0.500	0.002	0.288
neutral	0.113	0.001	0.083	0.017	0.387	0.004	0.396
sad	0.106	0.001	0.055	0.023	0.551	0.002	0.264
neutral	0.096	0.000	0.061	0.057	0.345	0.002	0.438
sad	0.086	0.001	0.056	0.078	0.392	0.003	0.384
sad	0.077	0.001	0.105	0.018	0.423	0.002	0.373
sad	0.147	0.002	0.061	0.013	0.479	0.002	0.295
sad	0.116	0.003	0.047	0.007	0.532	0.002	0.295
sad	0.132	0.001	0.104	0.007	0.513	0.003	0.239
sad	0.115	0.002	0.079	0.005	0.531	0.001	0.267
sad	0.127	0.001	0.050	0.010	0.534	0.002	0.276
sad	0.081	0.001	0.072	0.009	0.479	0.002	0.356
sad	0.093	0.003	0.062	0.000	0.772	0.001	0.069
sad	0.087	0.001	0.051	0.000	0.827	0.001	0.033
sad	0.021	0.001	0.017	0.000	0.916	0.000	0.045
sad	0.077	0.001	0.045	0.000	0.809	0.001	0.068
sad	0.044	0.000	0.020	0.000	0.887	0.000	0.048
sad	0.021	0.000	0.041	0.000	0.894	0.001	0.044
sad	0.038	0.000	0.054	0.000	0.882	0.001	0.025
sad	0.048	0.000	0.042	0.000	0.867	0.001	0.042
sad	0.027	0.000	0.098	0.000	0.834	0.001	0.038
sad	0.039	0.000	0.035	0.000	0.891	0.001	0.034
sad	0.045	0.001	0.130	0.001	0.764	0.002	0.056
sad	0.043	0.000	0.081	0.000	0.809	0.002	0.065
sad	0.055	0.001	0.066	0.000	0.799	0.001	0.078
sad	0.066	0.000	0.073	0.002	0.751	0.002	0.106
sad	0.056	0.000	0.031	0.001	0.778	0.001	0.132
sad	0.032	0.001	0.106	0.000	0.794	0.001	0.066
sad	0.070	0.001	0.054	0.000	0.790	0.001	0.084
sad	0.054	0.000	0.051	0.001	0.831	0.001	0.062
sad	0.049	0.001	0.080	0.001	0.787	0.002	0.082
sad	0.049	0.001	0.097	0.001	0.740	0.003	0.109
sad	0.056	0.002	0.136	0.001	0.665	0.004	0.135
sad	0.051	0.000	0.123	0.001	0.698	0.004	0.123
sad	0.077	0.000	0.055	0.000	0.809	0.001	0.058
sad	0.056	0.001	0.095	0.001	0.703	0.002	0.142
sad	0.070	0.000	0.054	0.001	0.787	0.001	0.087
sad	0.105	0.001	0.075	0.001	0.749	0.001	0.067
sad	0.067	0.001	0.060	0.002	0.733	0.002	0.134
sad	0.077	0.003	0.103	0.004	0.636	0.004	0.172
sad	0.084	0.002	0.078	0.004	0.693	0.004	0.135
sad	0.099	0.002	0.081	0.004	0.672	0.003	0.138
sad	0.057	0.001	0.125	0.001	0.730	0.003	0.083
sad	0.077	0.002	0.073	0.001	0.768	0.001	0.077
sad	0.134	0.001	0.062	0.004	0.684	0.002	0.114
sad	0.078	0.000	0.075	0.002	0.749	0.002	0.093
sad	0.084	0.000	0.072	0.001	0.716	0.002	0.124
sad	0.075	0.000	0.049	0.002	0.720	0.001	0.153
sad	0.075	0.000	0.110	0.002	0.659	0.002	0.151
sad	0.067	0.000	0.141	0.001	0.695	0.002	0.093
sad	0.046	0.001	0.058	0.001	0.801	0.001	0.093
sad	0.101	0.000	0.075	0.002	0.665	0.002	0.155
sad	0.105	0.000	0.062	0.002	0.708	0.001	0.122
sad	0.061	0.000	0.065	0.001	0.756	0.001	0.116
sad	0.073	0.000	0.060	0.001	0.785	0.001	0.079
sad	0.050	0.001	0.121	0.001	0.728	0.001	0.097
sad	0.037	0.001	0.085	0.001	0.794	0.001	0.080
sad	0.038	0.000	0.117	0.002	0.741	0.002	0.100
sad	0.043	0.000	0.073	0.000	0.816	0.001	0.065
sad	0.054	0.000	0.061	0.001	0.826	0.001	0.058
sad	0.042	0.000	0.084	0.001	0.794	0.001	0.079
sad	0.031	0.000	0.085	0.000	0.820	0.001	0.063
sad	0.041	0.000	0.079	0.001	0.796	0.001	0.081
sad	0.053	0.000	0.043	0.001	0.816	0.001	0.087
sad	0.075	0.001	0.075	0.001	0.770	0.001	0.077
sad	0.039	0.000	0.043	0.001	0.853	0.001	0.064
sad	0.041	0.000	0.100	0.001	0.751	0.001	0.105
sad	0.036	0.001	0.058	0.001	0.814	0.001	0.091
sad	0.039	0.001	0.076	0.001	0.764	0.001	0.119
sad	0.045	0.001	0.060	0.001	0.777	0.001	0.115
sad	0.070	0.002	0.046	0.000	0.827	0.001	0.053
sad	0.081	0.002	0.086	0.000	0.797	0.001	0.033
sad	0.068	0.001	0.065	0.000	0.832	0.001	0.034
sad	0.057	0.002	0.074	0.000	0.815	0.001	0.051
sad	0.058	0.001	0.131	0.000	0.764	0.001	0.045
sad	0.036	0.001	0.102	0.000	0.841	0.001	0.018
sad	0.050	0.002	0.092	0.000	0.834	0.001	0.021
sad	0.072	0.001	0.119	0.000	0.791	0.001	0.016
sad	0.126	0.002	0.093	0.000	0.765	0.001	0.013
sad	0.051	0.001	0.035	0.000	0.889	0.000	0.023
sad	0.114	0.001	0.055	0.002	0.778	0.000	0.050
sad	0.077	0.000	0.061	0.001	0.821	0.000	0.040
sad	0.071	0.001	0.080	0.000	0.806	0.000	0.042
sad	0.084	0.002	0.089	0.000	0.790	0.000	0.034
sad	0.167	0.003	0.086	0.001	0.703	0.000	0.040
sad	0.147	0.002	0.075	0.001	0.727	0.000	0.048
sad	0.151	0.001	0.089	0.001	0.719	0.000	0.040
sad	0.248	0.003	0.077	0.001	0.626	0.000	0.044
sad	0.294	0.002	0.058	0.001	0.613	0.000	0.032
sad	0.223	0.002	0.049	0.002	0.671	0.000	0.053
sad	0.193	0.001	0.056	0.002	0.683	0.000	0.064
sad	0.184	0.001	0.058	0.002	0.708	0.001	0.046
sad	0.227	0.001	0.083	0.001	0.656	0.001	0.032
sad	0.048	0.000	0.043	0.000	0.875	0.000	0.033
sad	0.171	0.002	0.059	0.001	0.720	0.000	0.046
sad	0.099	0.003	0.061	0.000	0.781	0.001	0.055
sad	0.115	0.004	0.036	0.000	0.797	0.000	0.048
sad	0.200	0.003	0.050	0.001	0.660	0.001	0.086
sad	0.102	0.003	0.053	0.000	0.775	0.001	0.066
sad	0.111	0.001	0.042	0.001	0.794	0.000	0.051
sad	0.124	0.001	0.054	0.001	0.787	0.000	0.032
sad	0.111	0.001	0.051	0.001	0.794	0.000	0.042
sad	0.105	0.002	0.039	0.001	0.806	0.000	0.047
sad	0.095	0.001	0.038	0.001	0.806	0.000	0.060
sad	0.104	0.001	0.037	0.001	0.793	0.000	0.063
sad	0.092	0.001	0.039	0.001	0.810	0.000	0.057
sad	0.072	0.001	0.044	0.002	0.813	0.000	0.068
sad	0.063	0.001	0.036	0.002	0.838	0.001	0.060
sad	0.041	0.000	0.052	0.000	0.854	0.000	0.052
sad	0.055	0.001	0.043	0.002	0.832	0.001	0.067
sad	0.109	0.002	0.056	0.004	0.703	0.000	0.125
sad	0.094	0.003	0.041	0.002	0.788	0.000	0.072
sad	0.112	0.001	0.063	0.003	0.732	0.001	0.087
sad	0.064	0.001	0.043	0.002	0.805	0.001	0.084
sad	0.062	0.001	0.061	0.001	0.801	0.001	0.074
sad	0.084	0.002	0.041	0.002	0.800	0.000	0.071
sad	0.086	0.001	0.043	0.002	0.783	0.000	0.085
sad	0.074	0.001	0.037	0.002	0.811	0.001	0.074
sad	0.095	0.001	0.044	0.002	0.777	0.000	0.080
sad	0.108	0.002	0.056	0.003	0.737	0.000	0.093
sad	0.112	0.001	0.034	0.002	0.766	0.000	0.085
sad	0.070	0.001	0.069	0.001	0.804	0.001	0.054
sad	0.162	0.007	0.052	0.004	0.699	0.001	0.075
sad	0.187	0.005	0.040	0.004	0.695	0.001	0.068
sad	0.131	0.007	0.049	0.002	0.747	0.000	0.064
sad	0.067	0.001	0.040	0.001	0.823	0.000	0.068
sad	0.049	0.001	0.038	0.001	0.818	0.000	0.092
sad	0.078	0.001	0.035	0.001	0.825	0.000	0.059
sad	0.108	0.001	0.055	0.001	0.775	0.000	0.059
sad	0.100	0.001	0.048	0.001	0.805	0.000	0.044
sad	0.086	0.001	0.052	0.002	0.793	0.000	0.065
sad	0.082	0.001	0.030	0.008	0.786	0.000	0.093
sad	0.105	0.002	0.049	0.005	0.764	0.001	0.074
sad	0.052	0.001	0.043	0.005	0.782	0.001	0.116
sad	0.068	0.000	0.039	0.003	0.809	0.001	0.080
sad	0.071	0.001	0.035	0.009	0.721	0.001	0.162
sad	0.080	0.001	0.036	0.011	0.745	0.000	0.127
sad	0.027	0.001	0.022	0.007	0.821	0.001	0.122
sad	0.019	0.000	0.013	0.006	0.759	0.000	0.203
sad	0.003	0.000	0.028	0.001	0.807	0.000	0.161
sad	0.002	0.000	0.015	0.001	0.834	0.000	0.148
sad	0.003	0.000	0.009	0.000	0.886	0.000	0.101
sad	0.012	0.000	0.014	0.003	0.825	0.000	0.146
sad	0.009	0.000	0.015	0.005	0.750	0.000	0.221
sad	0.010	0.000	0.021	0.003	0.798	0.000	0.168
sad	0.015	0.000	0.026	0.007	0.702	0.001	0.249
sad	0.016	0.000	0.015	0.004	0.691	0.000	0.274
sad	0.031	0.000	0.013	0.008	0.640	0.000	0.307
sad	0.025	0.002	0.027	0.009	0.659	0.001	0.276
sad	0.025	0.002	0.027	0.015	0.522	0.002	0.406
sad	0.021	0.001	0.029	0.010	0.546	0.002	0.391
neutral	0.027	0.001	0.032	0.038	0.399	0.004	0.500
sad	0.029	0.001	0.035	0.013	0.487	0.002	0.433
sad	0.031	0.001	0.033	0.010	0.571	0.001	0.353
sad	0.032	0.001	0.022	0.007	0.544	0.001	0.392
sad	0.032	0.001	0.033	0.006	0.633	0.001	0.294
neutral	0.030	0.001	0.045	0.007	0.425	0.001	0.491
sad	0.016	0.001	0.036	0.003	0.504	0.000	0.440
sad	0.018	0.001	0.036	0.003	0.502	0.000	0.440
sad	0.027	0.001	0.032	0.013	0.515	0.001	0.410
sad	0.030	0.001	0.047	0.003	0.471	0.001	0.446
neutral	0.024	0.001	0.044	0.006	0.440	0.001	0.484
neutral	0.030	0.001	0.043	0.010	0.451	0.002	0.462
sad	0.042	0.003	0.058	0.005	0.458	0.001	0.433
sad	0.041	0.002	0.073	0.005	0.449	0.002	0.428
neutral	0.031	0.002	0.045	0.008	0.388	0.002	0.525
neutral	0.029	0.001	0.052	0.008	0.372	0.002	0.536
neutral	0.031	0.003	0.052	0.004	0.445	0.002	0.464
neutral	0.029	0.003	0.041	0.009	0.449	0.002	0.467
sad	0.034	0.002	0.028	0.013	0.465	0.002	0.456
neutral	0.024	0.003	0.031	0.014	0.332	0.002	0.594
neutral	0.019	0.001	0.021	0.016	0.236	0.002	0.705
sad	0.017	0.002	0.025	0.009	0.488	0.001	0.459
neutral	0.028	0.001	0.039	0.008	0.324	0.001	0.599
neutral	0.026	0.000	0.031	0.017	0.287	0.001	0.637
neutral	0.025	0.001	0.039	0.010	0.424	0.001	0.500
neutral	0.039	0.003	0.028	0.028	0.355	0.003	0.543
sad	0.057	0.002	0.049	0.003	0.775	0.001	0.113
sad	0.037	0.000	0.015	0.007	0.685	0.001	0.255
sad	0.020	0.000	0.014	0.021	0.548	0.001	0.395
sad	0.029	0.003	0.035	0.017	0.565	0.002	0.349
sad	0.026	0.002	0.035	0.029	0.581	0.003	0.324
sad	0.031	0.004	0.033	0.047	0.570	0.005	0.310
sad	0.058	0.002	0.021	0.087	0.440	0.003	0.390
sad	0.057	0.002	0.014	0.030	0.608	0.002	0.288
sad	0.094	0.001	0.018	0.062	0.539	0.003	0.284
sad	0.077	0.002	0.016	0.061	0.538	0.005	0.302
sad	0.052	0.003	0.020	0.018	0.621	0.005	0.281
sad	0.067	0.004	0.018	0.037	0.529	0.003	0.341
sad	0.057	0.002	0.024	0.040	0.552	0.004	0.321
sad	0.073	0.002	0.020	0.059	0.433	0.003	0.409
sad	0.059	0.002	0.022	0.043	0.446	0.003	0.426
sad	0.067	0.001	0.033	0.032	0.565	0.004	0.298
sad	0.087	0.002	0.040	0.018	0.601	0.009	0.243
sad	0.028	0.000	0.022	0.005	0.770	0.001	0.173
sad	0.029	0.002	0.035	0.005	0.722	0.002	0.207
sad	0.032	0.001	0.050	0.006	0.660	0.003	0.248
sad	0.045	0.003	0.058	0.011	0.492	0.004	0.387
sad	0.035	0.001	0.099	0.009	0.612	0.004	0.239
sad	0.054	0.001	0.093	0.004	0.680	0.005	0.164
sad	0.039	0.003	0.082	0.001	0.741	0.002	0.132
sad	0.036	0.004	0.077	0.005	0.669	0.004	0.206
sad	0.044	0.001	0.078	0.013	0.519	0.005	0.340
sad	0.056	0.002	0.054	0.007	0.582	0.002	0.297
sad	0.041	0.003	0.058	0.005	0.652	0.002	0.239
sad	0.041	0.003	0.044	0.008	0.564	0.002	0.338
sad	0.056	0.005	0.045	0.016	0.534	0.005	0.339
sad	0.087	0.007	0.067	0.010	0.488	0.003	0.337
sad	0.042	0.007	0.051	0.006	0.613	0.001	0.280
sad	0.049	0.006	0.065	0.007	0.545	0.002	0.325
sad	0.069	0.005	0.082	0.015	0.503	0.005	0.322
sad	0.071	0.007	0.071	0.012	0.522	0.004	0.313
sad	0.029	0.003	0.078	0.004	0.634	0.002	0.251
sad	0.020	0.002	0.076	0.004	0.658	0.002	0.238
sad	0.020	0.001	0.093	0.002	0.669	0.002	0.213
sad	0.026	0.009	0.070	0.000	0.846	0.002	0.047
sad	0.020	0.009	0.034	0.002	0.899	0.002	0.034
sad	0.013	0.001	0.014	0.009	0.906	0.001	0.057
sad	0.020	0.002	0.021	0.011	0.891	0.002	0.052
sad	0.026	0.013	0.045	0.013	0.813	0.004	0.085
sad	0.063	0.054	0.057	0.012	0.679	0.003	0.133
sad	0.102	0.018	0.143	0.024	0.555	0.015	0.143
sad	0.103	0.045	0.078	0.039	0.510	0.016	0.209
sad	0.049	0.003	0.045	0.071	0.475	0.026	0.331
sad	0.080	0.004	0.090	0.056	0.445	0.025	0.299
sad	0.075	0.005	0.069	0.056	0.437	0.021	0.337
sad	0.067	0.009	0.046	0.091	0.451	0.014	0.324
sad	0.082	0.003	0.125	0.055	0.368	0.027	0.341
sad	0.077	0.006	0.038	0.031	0.603	0.009	0.236
sad	0.075	0.007	0.043	0.031	0.607	0.012	0.225
sad	0.087	0.004	0.081	0.054	0.458	0.020	0.297
sad	0.162	0.007	0.141	0.009	0.581	0.019	0.081
sad	0.098	0.011	0.072	0.024	0.605	0.012	0.178
sad	0.066	0.010	0.046	0.010	0.763	0.004	0.102
sad	0.261	0.024	0.075	0.029	0.489	0.020	0.102
sad	0.112	0.009	0.064	0.026	0.598	0.011	0.181
sad	0.066	0.011	0.047	0.027	0.663	0.006	0.179
sad	0.097	0.012	0.093	0.017	0.582	0.011	0.188
sad	0.160	0.011	0.073	0.031	0.500	0.022	0.203
sad	0.072	0.021	0.053	0.010	0.719	0.003	0.122
sad	0.072	0.019	0.039	0.020	0.700	0.004	0.148
sad	0.110	0.011	0.057	0.020	0.617	0.007	0.179
sad	0.109	0.013	0.073	0.002	0.737	0.003	0.063
sad	0.138	0.018	0.079	0.009	0.639	0.005	0.112
sad	0.032	0.019	0.048	0.006	0.825	0.002	0.067
sad	0.045	0.006	0.098	0.005	0.785	0.005	0.057
sad	0.057	0.024	0.063	0.004	0.778	0.003	0.072
sad	0.091	0.018	0.108	0.000	0.740	0.002	0.040
sad	0.062	0.017	0.069	0.006	0.707	0.005	0.133
sad	0.046	0.017	0.050	0.006	0.790	0.003	0.089
sad	0.231	0.008	0.074	0.008	0.584	0.022	0.073
sad	0.054	0.023	0.050	0.009	0.753	0.004	0.107
sad	0.040	0.021	0.044	0.008	0.773	0.003	0.110
sad	0.074	0.018	0.105	0.002	0.705	0.006	0.090
sad	0.057	0.015	0.094	0.003	0.733	0.004	0.094
sad	0.032	0.014	0.057	0.007	0.764	0.003	0.123
sad	0.037	0.016	0.057	0.012	0.710	0.004	0.165
sad	0.029	0.017	0.045	0.001	0.844	0.001	0.062
sad	0.043	0.021	0.041	0.008	0.757	0.002	0.128
sad	0.031	0.001	0.083	0.005	0.771	0.005	0.104
sad	0.054	0.005	0.080	0.013	0.699	0.007	0.143
sad	0.034	0.031	0.041	0.009	0.716	0.003	0.165
sad	0.030	0.009	0.058	0.011	0.711	0.006	0.176
sad	0.030	0.020	0.068	0.020	0.684	0.009	0.170
sad	0.029	0.012	0.073	0.020	0.646	0.009	0.212
sad	0.046	0.006	0.037	0.004	0.762	0.001	0.143
sad	0.041	0.006	0.128	0.006	0.659	0.007	0.154
sad	0.109	0.017	0.179	0.013	0.574	0.019	0.090
sad	0.035	0.006	0.121	0.014	0.573	0.010	0.241
sad	0.042	0.013	0.061	0.033	0.558	0.005	0.288
sad	0.043	0.009	0.040	0.016	0.636	0.003	0.253
sad	0.046	0.011	0.061	0.035	0.552	0.008	0.287
sad	0.042	0.008	0.073	0.025	0.567	0.014	0.270
sad	0.051	0.020	0.069	0.015	0.678	0.005	0.162
sad	0.034	0.008	0.064	0.040	0.514	0.009	0.331
sad	0.036	0.007	0.064	0.035	0.575	0.007	0.276
sad	0.014	0.002	0.028	0.001	0.902	0.001	0.054
sad	0.019	0.006	0.049	0.007	0.796	0.002	0.122
sad	0.025	0.004	0.043	0.005	0.838	0.002	0.083
sad	0.013	0.004	0.051	0.013	0.728	0.003	0.188
sad	0.014	0.005	0.057	0.008	0.744	0.004	0.168
sad	0.022	0.007	0.063	0.007	0.787	0.004	0.110
sad	0.010	0.003	0.050	0.003	0.855	0.003	0.077
sad	0.009	0.001	0.017	0.003	0.855	0.001	0.114
sad	0.011	0.005	0.038	0.005	0.825	0.003	0.113
sad	0.019	0.005	0.050	0.004	0.812	0.002	0.108
sad	0.013	0.005	0.043	0.005	0.820	0.003	0.111
sad	0.016	0.001	0.018	0.006	0.820	0.001	0.140
sad	0.011	0.001	0.017	0.004	0.841	0.000	0.127
sad	0.015	0.001	0.017	0.011	0.764	0.001	0.190
sad	0.023	0.003	0.033	0.010	0.700	0.001	0.229
sad	0.029	0.004	0.047	0.009	0.686	0.002	0.223
sad	0.036	0.005	0.056	0.008	0.698	0.003	0.195
sad	0.025	0.005	0.043	0.018	0.604	0.005	0.301
sad	0.030	0.008	0.048	0.009	0.675	0.004	0.226
sad	0.029	0.003	0.072	0.012	0.572	0.005	0.308
sad	0.034	0.008	0.043	0.041	0.479	0.007	0.388
sad	0.046	0.010	0.053	0.032	0.475	0.009	0.374
sad	0.043	0.006	0.055	0.044	0.510	0.014	0.327
sad	0.047	0.004	0.059	0.030	0.554	0.011	0.295
sad	0.050	0.007	0.054	0.035	0.466	0.010	0.377
neutral	0.045	0.002	0.100	0.101	0.271	0.062	0.419
neutral	0.037	0.000	0.063	0.080	0.295	0.045	0.480
neutral	0.045	0.000	0.091	0.079	0.260	0.048	0.477
neutral	0.041	0.000	0.062	0.079	0.240	0.041	0.536
sad	0.031	0.004	0.064	0.022	0.500	0.012	0.367
sad	0.035	0.007	0.055	0.023	0.569	0.010	0.300
sad	0.025	0.004	0.061	0.023	0.556	0.011	0.321
sad	0.053	0.003	0.056	0.020	0.605	0.007	0.256
neutral	0.052	0.005	0.039	0.061	0.323	0.024	0.494
neutral	0.064	0.003	0.057	0.049	0.342	0.026	0.459
neutral	0.045	0.002	0.080	0.065	0.261	0.046	0.501
sad	0.049	0.003	0.055	0.081	0.398	0.032	0.383
sad	0.051	0.002	0.087	0.019	0.589	0.018	0.234
sad	0.071	0.004	0.095	0.020	0.552	0.015	0.244
sad	0.072	0.004	0.079	0.046	0.582	0.037	0.180
sad	0.060	0.002	0.060	0.022	0.742	0.009	0.105
sad	0.015	0.005	0.011	0.006	0.924	0.001	0.038
sad	0.042	0.011	0.027	0.032	0.771	0.007	0.110
sad	0.060	0.007	0.034	0.040	0.689	0.007	0.164
sad	0.065	0.009	0.058	0.011	0.758	0.007	0.093
sad	0.059	0.008	0.048	0.030	0.698	0.012	0.144
sad	0.061	0.007	0.045	0.075	0.558	0.030	0.225
sad	0.066	0.004	0.057	0.088	0.541	0.029	0.215
sad	0.054	0.004	0.093	0.089	0.420	0.044	0.296
sad	0.039	0.002	0.042	0.147	0.426	0.052	0.293
neutral	0.043	0.006	0.048	0.172	0.276	0.072	0.383
sad	0.055	0.015	0.045	0.245	0.354	0.051	0.236
sad	0.028	0.006	0.028	0.024	0.789	0.003	0.122
sad	0.032	0.013	0.047	0.150	0.579	0.011	0.169
sad	0.018	0.003	0.046	0.020	0.790	0.004	0.119
sad	0.012	0.002	0.042	0.035	0.733	0.005	0.170
sad	0.016	0.002	0.026	0.076	0.686	0.007	0.187
sad	0.018	0.001	0.043	0.017	0.808	0.003	0.109
sad	0.028	0.001	0.038	0.036	0.668	0.005	0.223
sad	0.030	0.000	0.028	0.046	0.743	0.003	0.149
sad	0.042	0.002	0.025	0.051	0.692	0.003	0.184
sad	0.030	0.003	0.037	0.035	0.710	0.007	0.178
sad	0.029	0.005	0.038	0.015	0.757	0.002	0.154
sad	0.034	0.005	0.066	0.013	0.661	0.007	0.212
sad	0.040	0.005	0.040	0.035	0.617	0.006	0.256
sad	0.026	0.004	0.053	0.033	0.535	0.007	0.341
sad	0.028	0.004	0.055	0.050	0.492	0.011	0.361
sad	0.062	0.019	0.100	0.026	0.550	0.011	0.232
sad	0.054	0.010	0.109	0.027	0.455	0.014	0.331
sad	0.055	0.012	0.071	0.047	0.395	0.030	0.390
neutral	0.041	0.003	0.083	0.045	0.313	0.053	0.462
neutral	0.052	0.006	0.078	0.038	0.394	0.023	0.409
sad	0.066	0.010	0.102	0.015	0.562	0.007	0.238
neutral	0.039	0.004	0.116	0.036	0.387	0.016	0.402
neutral	0.038	0.004	0.111	0.049	0.366	0.026	0.405
neutral	0.033	0.004	0.091	0.066	0.298	0.029	0.479
sad	0.027	0.003	0.078	0.055	0.423	0.021	0.393
sad	0.028	0.002	0.098	0.049	0.463	0.012	0.347
neutral	0.023	0.002	0.098	0.063	0.387	0.024	0.403
sad	0.018	0.004	0.097	0.028	0.536	0.010	0.308
sad	0.023	0.002	0.058	0.033	0.642	0.010	0.231
sad	0.031	0.005	0.043	0.025	0.716	0.004	0.176
sad	0.029	0.006	0.051	0.027	0.650	0.007	0.230
sad	0.049	0.008	0.056	0.040	0.543	0.007	0.297
sad	0.021	0.003	0.072	0.019	0.677	0.009	0.199
sad	0.029	0.006	0.056	0.021	0.696	0.008	0.183
sad	0.021	0.004	0.082	0.069	0.468	0.038	0.318
sad	0.025	0.003	0.061	0.051	0.502	0.017	0.342
sad	0.026	0.004	0.067	0.035	0.569	0.014	0.285
sad	0.021	0.002	0.065	0.057	0.517	0.018	0.320
sad	0.026	0.002	0.096	0.065	0.435	0.035	0.341
sad	0.031	0.002	0.076	0.038	0.476	0.010	0.366
sad	0.026	0.003	0.066	0.035	0.560	0.010	0.300
sad	0.020	0.001	0.066	0.016	0.662	0.004	0.231
sad	0.015	0.001	0.057	0.022	0.670	0.006	0.229
sad	0.016	0.000	0.028	0.011	0.745	0.001	0.200
sad	0.032	0.005	0.097	0.035	0.518	0.019	0.293
sad	0.029	0.003	0.160	0.032	0.439	0.036	0.301
sad	0.040	0.005	0.089	0.039	0.509	0.017	0.300
sad	0.040	0.002	0.105	0.025	0.552	0.015	0.261
neutral	0.025	0.001	0.085	0.060	0.385	0.027	0.416
sad	0.021	0.001	0.121	0.041	0.477	0.032	0.306
neutral	0.020	0.002	0.076	0.069	0.392	0.020	0.420
sad	0.042	0.003	0.066	0.036	0.457	0.016	0.381
sad	0.031	0.002	0.096	0.027	0.573	0.010	0.261
sad	0.021	0.002	0.078	0.064	0.425	0.016	0.393
sad	0.034	0.003	0.105	0.054	0.417	0.019	0.368
neutral	0.030	0.002	0.099	0.068	0.394	0.014	0.394
sad	0.025	0.002	0.078	0.051	0.532	0.014	0.298
neutral	0.020	0.002	0.092	0.082	0.383	0.024	0.396
sad	0.023	0.003	0.094	0.049	0.451	0.026	0.354
sad	0.031	0.002	0.089	0.063	0.408	0.019	0.389
sad	0.025	0.003	0.098	0.041	0.549	0.012	0.272
sad	0.023	0.001	0.129	0.051	0.431	0.034	0.330
sad	0.021	0.002	0.075	0.069	0.457	0.019	0.357
sad	0.024	0.002	0.104	0.041	0.518	0.024	0.287
sad	0.035	0.003	0.076	0.075	0.398	0.024	0.390
sad	0.029	0.003	0.107	0.045	0.479	0.023	0.315
sad	0.027	0.003	0.082	0.051	0.476	0.014	0.348
sad	0.032	0.004	0.087	0.019	0.646	0.016	0.196
sad	0.019	0.003	0.104	0.011	0.733	0.007	0.123
sad	0.027	0.002	0.082	0.021	0.652	0.007	0.209
sad	0.027	0.003	0.094	0.021	0.625	0.014	0.216
sad	0.028	0.004	0.099	0.027	0.583	0.016	0.243
sad	0.036	0.004	0.090	0.023	0.650	0.011	0.187
sad	0.025	0.003	0.105	0.020	0.615	0.016	0.216
sad	0.022	0.003	0.062	0.021	0.723	0.008	0.162
sad	0.012	0.000	0.027	0.007	0.863	0.001	0.089
sad	0.031	0.005	0.096	0.022	0.598	0.011	0.237
sad	0.022	0.002	0.104	0.036	0.507	0.016	0.313
sad	0.036	0.003	0.104	0.018	0.577	0.009	0.253
sad	0.029	0.005	0.101	0.016	0.622	0.019	0.209
sad	0.035	0.005	0.067	0.018	0.670	0.010	0.194
sad	0.026	0.003	0.107	0.035	0.499	0.021	0.310
sad	0.030	0.004	0.097	0.028	0.534	0.013	0.293
sad	0.036	0.004	0.097	0.028	0.564	0.016	0.256
sad	0.039	0.005	0.092	0.028	0.596	0.025	0.215
sad	0.026	0.003	0.107	0.028	0.536	0.023	0.278
sad	0.031	0.004	0.082	0.029	0.579	0.023	0.252
sad	0.055	0.003	0.092	0.022	0.592	0.028	0.207
sad	0.040	0.002	0.073	0.032	0.623	0.020	0.210
sad	0.042	0.002	0.062	0.017	0.632	0.009	0.236
sad	0.009	0.000	0.032	0.006	0.818	0.002	0.133
sad	0.048	0.002	0.067	0.027	0.580	0.014	0.262
sad	0.037	0.003	0.077	0.014	0.635	0.021	0.213
sad	0.032	0.001	0.053	0.029	0.477	0.019	0.388
sad	0.036	0.001	0.061	0.018	0.553	0.007	0.325
sad	0.027	0.000	0.038	0.032	0.584	0.009	0.309
sad	0.040	0.000	0.048	0.017	0.581	0.006	0.307
sad	0.065	0.002	0.053	0.006	0.632	0.006	0.235
sad	0.041	0.000	0.053	0.010	0.589	0.004	0.302
sad	0.041	0.001	0.040	0.005	0.586	0.002	0.326
sad	0.039	0.000	0.040	0.011	0.564	0.003	0.344
sad	0.047	0.001	0.058	0.005	0.573	0.003	0.315
sad	0.032	0.000	0.065	0.010	0.651	0.003	0.239
sad	0.037	0.000	0.055	0.010	0.636	0.003	0.259
sad	0.014	0.000	0.021	0.004	0.764	0.000	0.196
sad	0.019	0.001	0.034	0.011	0.577	0.002	0.355
sad	0.026	0.001	0.055	0.011	0.544	0.005	0.357
sad	0.046	0.001	0.045	0.010	0.494	0.006	0.398
sad	0.019	0.001	0.043	0.013	0.621	0.006	0.297
sad	0.026	0.001	0.037	0.025	0.559	0.008	0.345
sad	0.046	0.000	0.075	0.007	0.687	0.003	0.182
sad	0.039	0.000	0.048	0.014	0.550	0.004	0.345
sad	0.030	0.000	0.060	0.006	0.580	0.003	0.320
sad	0.019	0.000	0.046	0.003	0.693	0.002	0.237
sad	0.033	0.001	0.061	0.010	0.459	0.006	0.431
neutral	0.026	0.000	0.032	0.012	0.421	0.003	0.506
sad	0.040	0.000	0.037	0.008	0.542	0.002	0.371
sad	0.037	0.000	0.050	0.009	0.612	0.002	0.289
sad	0.044	0.000	0.051	0.007	0.611	0.002	0.286
sad	0.032	0.000	0.074	0.007	0.555	0.005	0.327
sad	0.038	0.000	0.075	0.006	0.529	0.005	0.347
neutral	0.035	0.000	0.038	0.009	0.423	0.004	0.492
sad	0.033	0.001	0.045	0.005	0.561	0.003	0.352
sad	0.041	0.000	0.043	0.009	0.483	0.002	0.421
neutral	0.021	0.000	0.028	0.013	0.441	0.003	0.493
sad	0.036	0.000	0.055	0.009	0.507	0.002	0.390
sad	0.037	0.000	0.036	0.010	0.490	0.002	0.425
sad	0.042	0.000	0.057	0.005	0.606	0.002	0.289
sad	0.026	0.000	0.056	0.013	0.584	0.002	0.318
sad	0.024	0.001	0.058	0.009	0.619	0.002	0.286
sad	0.039	0.001	0.080	0.005	0.736	0.002	0.138
sad	0.029	0.000	0.071	0.007	0.672	0.003	0.219
sad	0.044	0.000	0.099	0.007	0.528	0.005	0.317
sad	0.022	0.000	0.064	0.008	0.586	0.002	0.318
sad	0.040	0.000	0.064	0.008	0.525	0.003	0.361
sad	0.037	0.000	0.055	0.009	0.600	0.003	0.296
sad	0.027	0.001	0.057	0.013	0.622	0.003	0.278
sad	0.028	0.001	0.055	0.016	0.608	0.003	0.288
sad	0.037	0.000	0.085	0.011	0.565	0.003	0.300
sad	0.046	0.000	0.083	0.014	0.589	0.004	0.263
sad	0.034	0.000	0.092	0.008	0.610	0.003	0.252
sad	0.038	0.000	0.083	0.005	0.680	0.003	0.191
sad	0.033	0.001	0.073	0.004	0.670	0.003	0.217
sad	0.028	0.000	0.075	0.003	0.688	0.002	0.203
sad	0.038	0.000	0.073	0.004	0.667	0.003	0.214
sad	0.035	0.001	0.058	0.004	0.637	0.003	0.263
sad	0.042	0.000	0.111	0.005	0.611	0.003	0.228
sad	0.045	0.000	0.090	0.003	0.699	0.003	0.160
sad	0.050	0.000	0.109	0.004	0.623	0.004	0.209
sad	0.049	0.000	0.098	0.006	0.574	0.004	0.268
sad	0.037	0.000	0.134	0.002	0.722	0.003	0.101
sad	0.033	0.000	0.025	0.007	0.681	0.001	0.254
sad	0.020	0.000	0.025	0.003	0.820	0.000	0.132
sad	0.030	0.000	0.047	0.006	0.628	0.002	0.287
sad	0.037	0.001	0.080	0.004	0.701	0.005	0.171
sad	0.036	0.002	0.063	0.003	0.711	0.004	0.183
sad	0.037	0.001	0.079	0.005	0.740	0.003	0.135
sad	0.037	0.000	0.054	0.006	0.694	0.002	0.206
sad	0.035	0.001	0.052	0.004	0.633	0.002	0.272
sad	0.019	0.000	0.071	0.004	0.788	0.001	0.116
sad	0.015	0.000	0.059	0.001	0.862	0.001	0.063
sad	0.019	0.001	0.050	0.000	0.874	0.001	0.054
sad	0.012	0.000	0.063	0.001	0.832	0.002	0.090
sad	0.006	0.000	0.018	0.001	0.875	0.000	0.100
sad	0.017	0.001	0.058	0.000	0.842	0.001	0.080
sad	0.017	0.001	0.050	0.001	0.835	0.002	0.095
sad	0.018	0.000	0.047	0.002	0.853	0.001	0.080
sad	0.022	0.000	0.057	0.001	0.802	0.003	0.115
sad	0.017	0.000	0.047	0.001	0.848	0.001	0.085
sad	0.015	0.001	0.049	0.002	0.799	0.001	0.133
sad	0.017	0.001	0.069	0.000	0.832	0.001	0.080
sad	0.011	0.000	0.032	0.000	0.888	0.001	0.068
sad	0.009	0.000	0.030	0.001	0.896	0.000	0.064
sad	0.008	0.000	0.040	0.002	0.807	0.001	0.143
sad	0.013	0.000	0.043	0.001	0.849	0.001	0.094
sad	0.014	0.000	0.050	0.000	0.878	0.001	0.057
sad	0.013	0.000	0.031	0.002	0.853	0.001	0.100
sad	0.008	0.000	0.027	0.001	0.869	0.001	0.094
sad	0.018	0.000	0.038	0.001	0.832	0.001	0.109
sad	0.012	0.000	0.031	0.002	0.821	0.001	0.134
sad	0.011	0.000	0.024	0.002	0.820	0.001	0.141
sad	0.015	0.001	0.045	0.002	0.762	0.001	0.173
sad	0.016	0.000	0.061	0.001	0.843	0.001	0.077
sad	0.025	0.001	0.068	0.001	0.755	0.001	0.149
sad	0.022	0.000	0.087	0.002	0.685	0.002	0.201
sad	0.008	0.000	0.063	0.003	0.755	0.003	0.169
sad	0.020	0.001	0.064	0.001	0.787	0.002	0.126
sad	0.026	0.000	0.053	0.001	0.790	0.001	0.128
sad	0.029	0.000	0.055	0.001	0.784	0.001	0.130
sad	0.022	0.000	0.076	0.002	0.784	0.002	0.114
sad	0.026	0.001	0.050	0.008	0.741	0.002	0.172
sad	0.023	0.000	0.067	0.003	0.704	0.002	0.200
sad	0.026	0.000	0.045	0.003	0.703	0.001	0.221
sad	0.012	0.000	0.014	0.004	0.662	0.000	0.308
sad	0.029	0.000	0.030	0.002	0.710	0.000	0.229
sad	0.092	0.004	0.070	0.017	0.472	0.013	0.331
sad	0.072	0.000	0.066	0.011	0.720	0.003	0.128
sad	0.064	0.005	0.096	0.053	0.502	0.002	0.279
sad	0.024	0.005	0.365	0.082	0.495	0.001	0.027
neutral	0.033	0.001	0.116	0.120	0.285	0.001	0.444
sad	0.073	0.012	0.117	0.019	0.686	0.000	0.092
sad	0.018	0.001	0.078	0.019	0.772	0.001	0.112
happy	0.055	0.000	0.046	0.598	0.271	0.004	0.025
sad	0.042	0.000	0.231	0.034	0.619	0.001	0.072
sad	0.044	0.002	0.333	0.013	0.482	0.001	0.127
sad	0.174	0.000	0.043	0.067	0.426	0.000	0.290
neutral	0.013	0.000	0.023	0.028	0.307	0.000	0.628
sad	0.016	0.000	0.041	0.018	0.531	0.000	0.393
sad	0.011	0.000	0.082	0.011	0.470	0.001	0.425
neutral	0.013	0.000	0.073	0.015	0.316	0.006	0.578
neutral	0.022	0.030	0.065	0.022	0.300	0.003	0.558
neutral	0.058	0.040	0.061	0.030	0.330	0.005	0.476
neutral	0.035	0.014	0.087	0.066	0.186	0.058	0.554
neutral	0.017	0.016	0.055	0.107	0.209	0.039	0.558
neutral	0.025	0.016	0.100	0.034	0.285	0.107	0.432
sad	0.056	0.032	0.084	0.013	0.498	0.016	0.301
neutral	0.027	0.026	0.110	0.057	0.313	0.032	0.436
neutral	0.039	0.050	0.067	0.031	0.296	0.030	0.488
neutral	0.039	0.030	0.133	0.053	0.342	0.054	0.350
neutral	0.028	0.035	0.143	0.045	0.300	0.035	0.413
neutral	0.026	0.013	0.101	0.049	0.372	0.024	0.415
neutral	0.031	0.122	0.088	0.046	0.312	0.037	0.364
neutral	0.023	0.065	0.057	0.040	0.324	0.030	0.459
sad	0.020	0.016	0.065	0.006	0.755	0.004	0.134
sad	0.034	0.074	0.053	0.044	0.382	0.032	0.381
sad	0.059	0.141	0.100	0.028	0.491	0.025	0.156
sad	0.059	0.226	0.085	0.027	0.429	0.022	0.152
sad	0.037	0.058	0.075	0.036	0.494	0.030	0.270
sad	0.029	0.171	0.094	0.027	0.389	0.018	0.272
disgust	0.025	0.470	0.045	0.007	0.411	0.003	0.040
sad	0.026	0.074	0.089	0.017	0.632	0.011	0.151
sad	0.038	0.079	0.064	0.032	0.549	0.028	0.209
sad	0.035	0.038	0.076	0.023	0.541	0.010	0.277
sad	0.027	0.048	0.086	0.075	0.411	0.027	0.326
sad	0.023	0.040	0.112	0.037	0.449	0.024	0.314
sad	0.038	0.270	0.043	0.047	0.362	0.008	0.231
sad	0.028	0.054	0.096	0.088	0.370	0.023	0.342
sad	0.029	0.025	0.171	0.031	0.382	0.047	0.315
sad	0.090	0.004	0.075	0.003	0.681	0.006	0.141
neutral	0.029	0.045	0.142	0.059	0.284	0.070	0.372
sad	0.042	0.050	0.118	0.035	0.478	0.021	0.256
sad	0.085	0.002	0.104	0.006	0.589	0.016	0.197
neutral	0.020	0.038	0.087	0.046	0.295	0.043	0.471
neutral	0.031	0.017	0.072	0.073	0.191	0.051	0.566
sad	0.071	0.097	0.054	0.083	0.394	0.026	0.276
neutral	0.052	0.068	0.085	0.060	0.309	0.053	0.373
sad	0.063	0.166	0.121	0.015	0.494	0.029	0.112
neutral	0.036	0.049	0.027	0.160	0.158	0.025	0.544
neutral	0.028	0.014	0.081	0.062	0.385	0.023	0.407
sad	0.041	0.063	0.050	0.069	0.436	0.014	0.327
sad	0.038	0.188	0.051	0.047	0.404	0.007	0.265
sad	0.135	0.001	0.109	0.018	0.528	0.009	0.201
sad	0.127	0.001	0.109	0.016	0.515	0.012	0.220
neutral	0.041	0.033	0.034	0.105	0.151	0.079	0.557
sad	0.053	0.000	0.113	0.005	0.517	0.019	0.293
neutral	0.032	0.050	0.068	0.048	0.265	0.052	0.486
neutral	0.045	0.021	0.035	0.081	0.160	0.058	0.600
neutral	0.063	0.036	0.064	0.065	0.337	0.042	0.392
neutral	0.040	0.083	0.029	0.123	0.169	0.046	0.509
neutral	0.057	0.031	0.056	0.069	0.294	0.034	0.458
neutral	0.051	0.035	0.039	0.060	0.236	0.060	0.520
sad	0.061	0.001	0.067	0.021	0.570	0.020	0.260
neutral	0.038	0.009	0.050	0.078	0.136	0.097	0.592
neutral	0.062	0.056	0.044	0.043	0.196	0.062	0.536
neutral	0.037	0.005	0.112	0.058	0.140	0.188	0.460
neutral	0.068	0.030	0.061	0.041	0.090	0.336	0.374
surprise	0.055	0.025	0.138	0.041	0.128	0.380	0.233
surprise	0.049	0.025	0.230	0.024	0.107	0.372	0.193
neutral	0.035	0.007	0.113	0.031	0.096	0.281	0.437
neutral	0.042	0.005	0.108	0.043	0.132	0.201	0.468
neutral	0.064	0.010	0.034	0.046	0.138	0.123	0.585
neutral	0.061	0.063	0.029	0.057	0.126	0.081	0.583
neutral	0.053	0.040	0.052	0.048	0.166	0.131	0.510
sad	0.027	0.099	0.082	0.032	0.441	0.034	0.284
sad	0.013	0.039	0.072	0.005	0.760	0.005	0.106
sad	0.011	0.005	0.037	0.005	0.814	0.002	0.125
sad	0.008	0.002	0.068	0.002	0.837	0.001	0.082
sad	0.030	0.042	0.059	0.043	0.490	0.029	0.307
sad	0.033	0.048	0.085	0.028	0.421	0.034	0.351
sad	0.030	0.090	0.062	0.036	0.454	0.026	0.302
neutral	0.030	0.027	0.080	0.047	0.322	0.044	0.450
sad	0.034	0.118	0.072	0.043	0.390	0.034	0.309
neutral	0.016	0.015	0.093	0.037	0.287	0.066	0.485
neutral	0.026	0.011	0.099	0.037	0.310	0.051	0.467
neutral	0.027	0.009	0.079	0.045	0.202	0.050	0.589
sad	0.029	0.160	0.073	0.044	0.402	0.033	0.260
sad	0.028	0.022	0.118	0.032	0.413	0.042	0.344
sad	0.024	0.014	0.103	0.039	0.411	0.036	0.373
sad	0.035	0.074	0.070	0.026	0.453	0.022	0.321
sad	0.078	0.001	0.085	0.006	0.581	0.007	0.242
sad	0.187	0.023	0.253	0.002	0.460	0.022	0.053
sad	0.027	0.152	0.086	0.003	0.674	0.008	0.050
disgust	0.056	0.384	0.041	0.039	0.369	0.005	0.106
disgust	0.189	0.413	0.088	0.006	0.275	0.005	0.024
sad	0.305	0.038	0.086	0.006	0.535	0.009	0.021
disgust	0.058	0.769	0.050	0.002	0.116	0.001	0.003
disgust	0.118	0.597	0.080	0.004	0.183	0.002	0.016
disgust	0.101	0.581	0.048	0.005	0.236	0.004	0.025
disgust	0.126	0.615	0.070	0.006	0.154	0.003	0.026
angry	0.389	0.018	0.165	0.011	0.332	0.044	0.041
disgust	0.221	0.329	0.131	0.005	0.278	0.007	0.029
disgust	0.068	0.692	0.129	0.000	0.104	0.004	0.003
disgust	0.211	0.553	0.103	0.002	0.112	0.005	0.014
angry	0.440	0.039	0.170	0.011	0.265	0.034	0.041
disgust	0.103	0.739	0.039	0.003	0.090	0.006	0.019
disgust	0.105	0.599	0.093	0.005	0.176	0.007	0.015
disgust	0.063	0.722	0.089	0.002	0.104	0.010	0.009
disgust	0.142	0.666	0.080	0.003	0.089	0.006	0.014
disgust	0.124	0.675	0.068	0.003	0.110	0.004	0.017
disgust	0.121	0.681	0.052	0.005	0.116	0.006	0.019
disgust	0.113	0.713	0.064	0.006	0.082	0.012	0.010
disgust	0.231	0.398	0.170	0.005	0.165	0.014	0.017
angry	0.470	0.121	0.109	0.002	0.261	0.018	0.019
disgust	0.158	0.532	0.115	0.007	0.157	0.014	0.017
disgust	0.105	0.776	0.036	0.003	0.064	0.004	0.011
disgust	0.119	0.749	0.052	0.005	0.057	0.005	0.012
disgust	0.152	0.706	0.059	0.005	0.064	0.005	0.009
disgust	0.223	0.303	0.182	0.017	0.222	0.015	0.037
disgust	0.169	0.389	0.165	0.020	0.199	0.025	0.033
disgust	0.089	0.797	0.032	0.004	0.064	0.005	0.010
disgust	0.273	0.429	0.120	0.017	0.124	0.013	0.023
disgust	0.081	0.732	0.041	0.014	0.096	0.011	0.026
disgust	0.103	0.763	0.035	0.008	0.067	0.007	0.018
disgust	0.111	0.673	0.069	0.010	0.112	0.007	0.018
disgust	0.094	0.696	0.041	0.014	0.127	0.006	0.023
disgust	0.086	0.741	0.034	0.019	0.092	0.004	0.024
disgust	0.085	0.754	0.031	0.022	0.080	0.005	0.023
disgust	0.059	0.808	0.021	0.010	0.077	0.004	0.020
angry	0.447	0.050	0.154	0.005	0.287	0.018	0.039
disgust	0.080	0.737	0.025	0.024	0.103	0.005	0.028
angry	0.496	0.044	0.098	0.008	0.297	0.011	0.045
disgust	0.114	0.595	0.040	0.027	0.174	0.008	0.042
angry	0.439	0.030	0.181	0.003	0.280	0.028	0.038
disgust	0.086	0.496	0.026	0.116	0.151	0.017	0.108
disgust	0.186	0.410	0.068	0.046	0.194	0.024	0.073
disgust	0.083	0.582	0.043	0.040	0.183	0.013	0.056
sad	0.113	0.248	0.099	0.102	0.264	0.027	0.147
angry	0.451	0.051	0.123	0.005	0.333	0.011	0.027
disgust	0.093	0.439	0.044	0.115	0.193	0.010	0.107
angry	0.466	0.034	0.092	0.007	0.327	0.016	0.058
disgust	0.118	0.386	0.072	0.036	0.297	0.020	0.070
angry	0.405	0.060	0.107	0.005	0.384	0.005	0.034
sad	0.084	0.152	0.165	0.021	0.422	0.074	0.083
sad	0.328	0.005	0.113	0.007	0.415	0.011	0.122
sad	0.046	0.264	0.089	0.010	0.527	0.015	0.049
sad	0.038	0.260	0.098	0.011	0.538	0.011	0.045
sad	0.105	0.231	0.086	0.073	0.365	0.028	0.112
disgust	0.102	0.430	0.048	0.131	0.169	0.014	0.106
sad	0.294	0.008	0.174	0.005	0.400	0.042	0.077
sad	0.132	0.260	0.111	0.047	0.285	0.047	0.117
sad	0.161	0.102	0.162	0.042	0.293	0.072	0.170
disgust	0.080	0.362	0.045	0.150	0.184	0.015	0.164
sad	0.250	0.013	0.059	0.016	0.563	0.020	0.079
sad	0.146	0.190	0.107	0.139	0.246	0.024	0.148
disgust	0.092	0.354	0.081	0.136	0.220	0.020	0.097
sad	0.118	0.251	0.097	0.088	0.267	0.024	0.156
disgust	0.119	0.396	0.043	0.062	0.219	0.012	0.148
disgust	0.125	0.240	0.098	0.175	0.181	0.019	0.162
sad	0.105	0.220	0.097	0.124	0.302	0.028	0.123
angry	0.474	0.016	0.090	0.005	0.352	0.009	0.055
disgust	0.124	0.358	0.063	0.052	0.261	0.025	0.117
sad	0.150	0.226	0.056	0.122	0.276	0.010	0.161
sad	0.143	0.184	0.072	0.098	0.294	0.040	0.170
disgust	0.114	0.418	0.047	0.065	0.247	0.024	0.086
sad	0.341	0.007	0.119	0.003	0.434	0.011	0.086
disgust	0.128	0.358	0.043	0.070	0.286	0.017	0.098
sad	0.366	0.004	0.133	0.005	0.366	0.025	0.101
sad	0.072	0.218	0.026	0.184	0.288	0.014	0.197
sad	0.164	0.200	0.097	0.034	0.381	0.032	0.093
disgust	0.078	0.454	0.035	0.083	0.203	0.016	0.132
sad	0.019	0.081	0.062	0.010	0.756	0.007	0.065
sad	0.053	0.075	0.097	0.009	0.701	0.003	0.063
sad	0.065	0.105	0.088	0.015	0.614	0.020	0.092
sad	0.088	0.176	0.035	0.164	0.260	0.031	0.246
sad	0.077	0.238	0.071	0.033	0.414	0.047	0.120
sad	0.156	0.009	0.136	0.008	0.586	0.020	0.084
sad	0.104	0.195	0.098	0.023	0.495	0.019	0.066
sad	0.051	0.142	0.073	0.067	0.429	0.031	0.207
sad	0.265	0.013	0.127	0.006	0.437	0.014	0.138
sad	0.082	0.139	0.059	0.098	0.438	0.024	0.160
sad	0.055	0.198	0.097	0.019	0.515	0.026	0.090
sad	0.069	0.081	0.073	0.066	0.441	0.027	0.244
sad	0.094	0.149	0.095	0.022	0.453	0.028	0.160
sad	0.081	0.091	0.079	0.102	0.397	0.029	0.220
sad	0.196	0.007	0.158	0.003	0.514	0.014	0.107
sad	0.037	0.240	0.093	0.005	0.557	0.017	0.050
sad	0.042	0.108	0.135	0.004	0.629	0.017	0.065
sad	0.204	0.006	0.167	0.005	0.542	0.010	0.066
sad	0.112	0.147	0.083	0.028	0.506	0.022	0.103
sad	0.053	0.086	0.108	0.012	0.657	0.011	0.073
sad	0.064	0.132	0.125	0.008	0.603	0.018	0.050
sad	0.207	0.026	0.118	0.003	0.574	0.005	0.066
sad	0.060	0.048	0.118	0.008	0.695	0.015	0.056
sad	0.050	0.124	0.100	0.009	0.615	0.012	0.090
sad	0.068	0.110	0.056	0.056	0.574	0.023	0.112
sad	0.062	0.094	0.117	0.009	0.609	0.020	0.088
sad	0.084	0.145	0.122	0.008	0.567	0.022	0.052
sad	0.044	0.148	0.093	0.011	0.599	0.022	0.083
sad	0.075	0.010	0.046	0.007	0.728	0.003	0.131
sad	0.034	0.193	0.087	0.009	0.595	0.010	0.073
sad	0.078	0.106	0.057	0.032	0.581	0.020	0.126
sad	0.028	0.151	0.064	0.047	0.453	0.024	0.233
sad	0.055	0.098	0.099	0.024	0.567	0.026	0.132
sad	0.036	0.119	0.087	0.009	0.685	0.005	0.059
sad	0.029	0.012	0.073	0.015	0.745	0.003	0.124
sad	0.013	0.009	0.046	0.008	0.818	0.001	0.104
sad	0.038	0.052	0.082	0.005	0.766	0.004	0.053
sad	0.042	0.331	0.072	0.012	0.469	0.010	0.064
sad	0.064	0.011	0.079	0.003	0.774	0.002	0.066
sad	0.058	0.053	0.105	0.023	0.590	0.022	0.148
sad	0.041	0.083	0.115	0.014	0.620	0.025	0.101
sad	0.229	0.012	0.066	0.008	0.593	0.006	0.086
sad	0.086	0.110	0.108	0.049	0.480	0.044	0.123
sad	0.206	0.015	0.101	0.005	0.590	0.005	0.078
sad	0.043	0.233	0.097	0.035	0.487	0.009	0.096
sad	0.151	0.007	0.121	0.005	0.605	0.013	0.098
sad	0.076	0.183	0.085	0.051	0.354	0.033	0.218
sad	0.088	0.099	0.067	0.080	0.393	0.033	0.240
sad	0.074	0.072	0.132	0.036	0.490	0.044	0.151
sad	0.117	0.005	0.115	0.003	0.661	0.009	0.091
sad	0.063	0.098	0.093	0.031	0.618	0.011	0.085
sad	0.040	0.066	0.128	0.012	0.662	0.010	0.082
sad	0.036	0.358	0.087	0.015	0.448	0.006	0.050
sad	0.021	0.027	0.145	0.007	0.708	0.013	0.079
sad	0.030	0.162	0.079	0.037	0.597	0.005	0.090
sad	0.022	0.049	0.088	0.026	0.730	0.004	0.081
sad	0.030	0.049	0.056	0.015	0.783	0.003	0.064
sad	0.031	0.064	0.084	0.021	0.719	0.004	0.078
sad	0.037	0.205	0.126	0.021	0.530	0.006	0.075
sad	0.038	0.054	0.117	0.033	0.613	0.017	0.127
sad	0.132	0.005	0.207	0.004	0.558	0.010	0.085
sad	0.081	0.076	0.113	0.040	0.505	0.044	0.142
sad	0.046	0.134	0.124	0.025	0.513	0.021	0.137
sad	0.114	0.089	0.136	0.033	0.446	0.045	0.136
sad	0.021	0.037	0.115	0.021	0.626	0.027	0.152
sad	0.048	0.098	0.088	0.034	0.637	0.012	0.083
sad	0.061	0.178	0.069	0.056	0.513	0.015	0.108
sad	0.040	0.128	0.104	0.012	0.593	0.015	0.107
sad	0.033	0.143	0.111	0.015	0.600	0.010	0.088
sad	0.037	0.194	0.084	0.018	0.584	0.008	0.076
sad	0.035	0.216	0.087	0.007	0.591	0.016	0.049
sad	0.037	0.195	0.090	0.019	0.569	0.010	0.079
sad	0.036	0.053	0.144	0.011	0.621	0.013	0.122
sad	0.031	0.091	0.160	0.023	0.559	0.016	0.121
sad	0.028	0.207	0.084	0.009	0.607	0.011	0.053
sad	0.047	0.281	0.081	0.023	0.495	0.011	0.062
sad	0.050	0.086	0.092	0.049	0.562	0.011	0.150
sad	0.024	0.080	0.110	0.009	0.701	0.012	0.064
sad	0.035	0.172	0.078	0.050	0.564	0.012	0.088
sad	0.017	0.033	0.111	0.006	0.761	0.018	0.054
sad	0.030	0.047	0.086	0.019	0.649	0.032	0.137
sad	0.026	0.105	0.119	0.005	0.678	0.013	0.054
sad	0.025	0.120	0.091	0.008	0.676	0.009	0.071
sad	0.027	0.100	0.151	0.004	0.663	0.012	0.042
sad	0.022	0.027	0.159	0.008	0.656	0.037	0.091
sad	0.065	0.120	0.107	0.033	0.443	0.032	0.199
sad	0.030	0.077	0.099	0.030	0.540	0.021	0.205
sad	0.028	0.033	0.100	0.009	0.720	0.010	0.099
sad	0.022	0.052	0.102	0.004	0.743	0.004	0.071
sad	0.035	0.038	0.109	0.016	0.680	0.008	0.115
sad	0.029	0.024	0.132	0.023	0.664	0.005	0.124
sad	0.095	0.002	0.128	0.003	0.688	0.006	0.078
sad	0.031	0.047	0.065	0.029	0.627	0.019	0.183
sad	0.023	0.034	0.052	0.057	0.532	0.036	0.265
sad	0.038	0.196	0.057	0.054	0.451	0.030	0.174
sad	0.089	0.001	0.116	0.006	0.604	0.004	0.179
neutral	0.049	0.037	0.090	0.047	0.365	0.036	0.375
sad	0.017	0.058	0.073	0.004	0.806	0.002	0.039
sad	0.020	0.022	0.037	0.005	0.855	0.002	0.059
sad	0.008	0.002	0.049	0.001	0.904	0.003	0.033
sad	0.010	0.005	0.056	0.001	0.890	0.002	0.035
sad	0.034	0.150	0.071	0.017	0.590	0.011	0.126
sad	0.091	0.002	0.175	0.002	0.557	0.017	0.155
neutral	0.044	0.027	0.079	0.069	0.316	0.047	0.418
sad	0.052	0.097	0.194	0.008	0.535	0.029	0.086
sad	0.129	0.134	0.165	0.034	0.250	0.106	0.183
sad	0.076	0.008	0.272	0.006	0.385	0.068	0.185
sad	0.077	0.013	0.238	0.010	0.308	0.135	0.220
surprise	0.245	0.012	0.189	0.025	0.130	0.263	0.137
fear	0.241	0.006	0.299	0.012	0.132	0.270	0.039
angry	0.499	0.008	0.206	0.014	0.080	0.165	0.027
fear	0.214	0.009	0.286	0.005	0.203	0.222	0.061
fear	0.105	0.008	0.328	0.006	0.203	0.224	0.127
angry	0.338	0.020	0.316	0.012	0.147	0.115	0.053
fear	0.228	0.003	0.345	0.008	0.166	0.202	0.047
fear	0.176	0.005	0.302	0.007	0.254	0.191	0.065
sad	0.075	0.007	0.119	0.026	0.560	0.034	0.178
sad	0.173	0.034	0.158	0.013	0.396	0.091	0.135
sad	0.295	0.024	0.142	0.014	0.331	0.074	0.121
sad	0.151	0.032	0.200	0.015	0.359	0.114	0.127
sad	0.181	0.023	0.191	0.019	0.369	0.067	0.149
sad	0.180	0.048	0.161	0.028	0.355	0.055	0.172
sad	0.135	0.014	0.235	0.014	0.319	0.082	0.201
sad	0.164	0.019	0.222	0.017	0.329	0.065	0.183
sad	0.140	0.056	0.205	0.012	0.444	0.033	0.111
sad	0.171	0.020	0.136	0.030	0.324	0.061	0.259
sad	0.184	0.113	0.150	0.017	0.253	0.104	0.179
angry	0.290	0.075	0.128	0.043	0.180	0.070	0.215
angry	0.338	0.132	0.130	0.026	0.274	0.016	0.085
sad	0.226	0.090	0.165	0.045	0.261	0.062	0.151
angry	0.306	0.153	0.109	0.042	0.133	0.053	0.203
angry	0.274	0.122	0.127	0.047	0.161	0.052	0.218
neutral	0.214	0.078	0.114	0.060	0.169	0.042	0.322
angry	0.308	0.164	0.122	0.057	0.152	0.032	0.165
angry	0.230	0.164	0.144	0.029	0.188	0.074	0.171
angry	0.297	0.143	0.131	0.024	0.227	0.043	0.135
angry	0.288	0.186	0.123	0.039	0.137	0.052	0.174
angry	0.238	0.208	0.126	0.026	0.141	0.075	0.186
angry	0.319	0.153	0.129	0.041	0.153	0.051	0.155
angry	0.231	0.149	0.149	0.040	0.148	0.068	0.216
neutral	0.186	0.099	0.175	0.029	0.164	0.104	0.244
angry	0.285	0.214	0.111	0.034	0.190	0.031	0.135
neutral	0.162	0.077	0.187	0.035	0.143	0.061	0.335
angry	0.290	0.090	0.126	0.066	0.172	0.046	0.211
neutral	0.237	0.146	0.120	0.037	0.137	0.064	0.259
angry	0.280	0.162	0.126	0.044	0.136	0.070	0.182
neutral	0.137	0.060	0.152	0.038	0.203	0.103	0.308
neutral	0.135	0.052	0.130	0.037	0.204	0.076	0.366
neutral	0.173	0.152	0.099	0.059	0.199	0.054	0.263
sad	0.225	0.173	0.126	0.026	0.257	0.038	0.155
neutral	0.179	0.124	0.133	0.031	0.221	0.052	0.261
sad	0.050	0.010	0.121	0.017	0.551	0.003	0.248
neutral	0.066	0.072	0.118	0.039	0.322	0.031	0.352
sad	0.132	0.243	0.114	0.026	0.296	0.025	0.165
sad	0.104	0.079	0.112	0.014	0.368	0.028	0.294
sad	0.113	0.274	0.093	0.018	0.359	0.015	0.127
disgust	0.114	0.447	0.074	0.024	0.212	0.012	0.116
sad	0.106	0.274	0.116	0.024	0.275	0.046	0.160
sad	0.115	0.189	0.152	0.015	0.387	0.023	0.119
neutral	0.081	0.086	0.098	0.026	0.291	0.024	0.395
neutral	0.083	0.013	0.150	0.031	0.318	0.025	0.380
sad	0.109	0.192	0.112	0.017	0.342	0.017	0.210
neutral	0.084	0.016	0.155	0.021	0.279	0.090	0.354
neutral	0.108	0.017	0.128	0.021	0.242	0.057	0.426
neutral	0.087	0.018	0.136	0.013	0.301	0.065	0.380
neutral	0.094	0.019	0.139	0.011	0.300	0.042	0.395
neutral	0.153	0.044	0.087	0.021	0.246	0.068	0.381
sad	0.144	0.129	0.175	0.052	0.262	0.048	0.189
neutral	0.126	0.082	0.118	0.036	0.175	0.128	0.335
sad	0.095	0.117	0.096	0.025	0.397	0.013	0.258
sad	0.041	0.129	0.071	0.022	0.607	0.007	0.123
sad	0.064	0.230	0.102	0.018	0.430	0.016	0.140
neutral	0.027	0.211	0.090	0.029	0.224	0.104	0.315
neutral	0.088	0.174	0.084	0.063	0.261	0.026	0.305
sad	0.083	0.243	0.107	0.029	0.277	0.027	0.234
sad	0.089	0.253	0.118	0.018	0.332	0.031	0.158
sad	0.061	0.104	0.194	0.015	0.318	0.082	0.227
neutral	0.032	0.150	0.107	0.028	0.248	0.070	0.365
sad	0.053	0.049	0.199	0.013	0.370	0.052	0.264
sad	0.080	0.028	0.123	0.015	0.432	0.026	0.296
sad	0.052	0.043	0.128	0.016	0.444	0.028	0.291
sad	0.079	0.118	0.147	0.023	0.295	0.054	0.285
sad	0.038	0.154	0.127	0.019	0.365	0.058	0.238
sad	0.049	0.188	0.135	0.017	0.381	0.028	0.202
sad	0.042	0.099	0.129	0.022	0.372	0.053	0.282
neutral	0.066	0.037	0.132	0.019	0.348	0.042	0.356
sad	0.063	0.069	0.133	0.014	0.425	0.027	0.269
neutral	0.062	0.036	0.141	0.026	0.317	0.037	0.382
sad	0.063	0.049	0.130	0.023	0.348	0.045	0.343
sad	0.053	0.114	0.145	0.010	0.449	0.040	0.189
sad	0.055	0.141	0.112	0.004	0.562	0.023	0.102
sad	0.050	0.194	0.125	0.008	0.458	0.035	0.130
sad	0.040	0.117	0.179	0.004	0.513	0.027	0.120
sad	0.040	0.040	0.128	0.008	0.598	0.027	0.159
sad	0.024	0.025	0.087	0.010	0.565	0.025	0.263
sad	0.020	0.013	0.069	0.003	0.805	0.004	0.087
sad	0.029	0.031	0.085	0.005	0.752	0.012	0.087
sad	0.022	0.012	0.112	0.001	0.717	0.019	0.116
sad	0.033	0.087	0.079	0.006	0.642	0.019	0.134
sad	0.025	0.092	0.090	0.003	0.619	0.025	0.146
sad	0.036	0.029	0.140	0.019	0.571	0.025	0.182
sad	0.034	0.059	0.133	0.012	0.517	0.022	0.223
sad	0.058	0.119	0.102	0.006	0.499	0.017	0.200
sad	0.048	0.066	0.163	0.008	0.454	0.027	0.232
sad	0.038	0.258	0.100	0.027	0.297	0.037	0.243
sad	0.021	0.007	0.054	0.012	0.768	0.003	0.135
sad	0.024	0.024	0.092	0.043	0.526	0.020	0.272
neutral	0.037	0.010	0.084	0.029	0.382	0.046	0.411
sad	0.036	0.041	0.080	0.030	0.431	0.032	0.351
neutral	0.048	0.172	0.075	0.045	0.302	0.038	0.320
sad	0.033	0.080	0.081	0.012	0.606	0.028	0.161
sad	0.039	0.034	0.118	0.008	0.582	0.061	0.158
sad	0.028	0.036	0.172	0.004	0.632	0.032	0.096
sad	0.036	0.014	0.124	0.005	0.633	0.041	0.147
sad	0.020	0.014	0.118	0.006	0.616	0.036	0.190
sad	0.023	0.023	0.122	0.001	0.741	0.023	0.067
sad	0.024	0.027	0.116	0.004	0.720	0.032	0.077
sad	0.048	0.071	0.118	0.010	0.547	0.083	0.122
sad	0.034	0.162	0.078	0.022	0.472	0.045	0.186
sad	0.029	0.051	0.140	0.005	0.653	0.021	0.102
sad	0.043	0.065	0.197	0.003	0.545	0.027	0.120
sad	0.029	0.057	0.105	0.023	0.491	0.058	0.237
sad	0.034	0.071	0.133	0.008	0.556	0.054	0.144
sad	0.035	0.029	0.111	0.004	0.749	0.014	0.057
sad	0.048	0.021	0.138	0.003	0.688	0.028	0.074
sad	0.017	0.014	0.099	0.002	0.763	0.021	0.085
sad	0.023	0.018	0.083	0.004	0.753	0.020	0.100
sad	0.066	0.078	0.114	0.011	0.567	0.035	0.128
sad	0.044	0.188	0.084	0.007	0.573	0.025	0.078
sad	0.047	0.112	0.075	0.013	0.577	0.037	0.139
sad	0.049	0.037	0.123	0.003	0.669	0.041	0.078
sad	0.021	0.015	0.098	0.002	0.768	0.015	0.082
sad	0.026	0.012	0.065	0.008	0.753	0.016	0.119
sad	0.035	0.051	0.131	0.011	0.600	0.038	0.133
sad	0.041	0.063	0.146	0.028	0.453	0.078	0.191
sad	0.034	0.041	0.111	0.012	0.658	0.024	0.121
sad	0.016	0.030	0.065	0.003	0.816	0.006	0.064
sad	0.013	0.004	0.057	0.003	0.827	0.003	0.093
sad	0.030	0.099	0.070	0.035	0.511	0.054	0.200
sad	0.025	0.068	0.120	0.014	0.585	0.039	0.150
sad	0.046	0.062	0.116	0.025	0.525	0.062	0.166
sad	0.044	0.058	0.131	0.013	0.502	0.076	0.175
sad	0.034	0.016	0.164	0.007	0.611	0.039	0.128
sad	0.037	0.025	0.153	0.010	0.616	0.036	0.124
sad	0.044	0.033	0.156	0.012	0.571	0.039	0.146
sad	0.038	0.056	0.130	0.016	0.530	0.040	0.191
sad	0.037	0.027	0.139	0.005	0.630	0.030	0.132
sad	0.051	0.032	0.162	0.007	0.590	0.044	0.114
sad	0.038	0.017	0.123	0.012	0.571	0.045	0.193
sad	0.044	0.089	0.165	0.017	0.433	0.076	0.175
sad	0.035	0.021	0.159	0.005	0.619	0.029	0.131
sad	0.037	0.027	0.127	0.005	0.657	0.032	0.115
sad	0.020	0.009	0.113	0.001	0.735	0.009	0.112
sad	0.013	0.002	0.076	0.002	0.743	0.011	0.152
sad	0.022	0.029	0.114	0.005	0.706	0.022	0.102
sad	0.041	0.024	0.127	0.012	0.464	0.049	0.282
sad	0.027	0.063	0.162	0.008	0.594	0.022	0.125
sad	0.032	0.025	0.130	0.016	0.588	0.023	0.187
sad	0.027	0.025	0.101	0.011	0.657	0.020	0.160
sad	0.027	0.070	0.108	0.009	0.557	0.020	0.209
sad	0.027	0.127	0.067	0.022	0.540	0.023	0.193
sad	0.012	0.003	0.074	0.004	0.764	0.004	0.139
sad	0.008	0.003	0.047	0.002	0.852	0.001	0.087
sad	0.020	0.022	0.090	0.002	0.784	0.010	0.072
sad	0.024	0.030	0.090	0.016	0.620	0.014	0.207
sad	0.032	0.084	0.133	0.012	0.497	0.029	0.213
sad	0.033	0.014	0.119	0.013	0.482	0.050	0.290
sad	0.039	0.021	0.118	0.010	0.481	0.034	0.297
sad	0.042	0.032	0.109	0.019	0.471	0.038	0.289
sad	0.069	0.014	0.148	0.011	0.432	0.065	0.261
sad	0.058	0.037	0.108	0.024	0.489	0.049	0.235
sad	0.052	0.050	0.078	0.029	0.465	0.044	0.282
sad	0.030	0.042	0.082	0.028	0.462	0.030	0.327
sad	0.029	0.042	0.115	0.024	0.479	0.023	0.286
sad	0.064	0.159	0.083	0.009	0.558	0.016	0.111
sad	0.043	0.091	0.123	0.009	0.544	0.023	0.168
sad	0.021	0.048	0.116	0.007	0.624	0.018	0.164
sad	0.031	0.027	0.088	0.011	0.598	0.032	0.213
sad	0.031	0.038	0.150	0.009	0.584	0.025	0.162
sad	0.043	0.060	0.115	0.010	0.512	0.041	0.220
sad	0.025	0.026	0.090	0.014	0.629	0.020	0.197
sad	0.032	0.042	0.127	0.010	0.605	0.017	0.167
sad	0.027	0.038	0.114	0.004	0.666	0.019	0.132
sad	0.046	0.045	0.094	0.010	0.587	0.020	0.200
sad	0.031	0.039	0.088	0.010	0.583	0.032	0.216
sad	0.043	0.052	0.085	0.014	0.482	0.025	0.298
sad	0.026	0.034	0.086	0.003	0.694	0.015	0.141
sad	0.026	0.080	0.113	0.007	0.584	0.022	0.167
sad	0.022	0.046	0.076	0.009	0.547	0.041	0.258
sad	0.078	0.322	0.058	0.012	0.442	0.012	0.076
sad	0.017	0.096	0.105	0.000	0.760	0.005	0.016
sad	0.047	0.132	0.104	0.000	0.699	0.003	0.014
sad	0.033	0.103	0.118	0.001	0.694	0.013	0.038
sad	0.046	0.050	0.096	0.004	0.698	0.029	0.077
sad	0.041	0.073	0.087	0.004	0.732	0.012	0.051
sad	0.047	0.109	0.053	0.019	0.647	0.022	0.103
sad	0.039	0.145	0.045	0.063	0.496	0.037	0.175
sad	0.141	0.043	0.092	0.012	0.557	0.044	0.112
sad	0.043	0.074	0.086	0.035	0.531	0.054	0.177
sad	0.133	0.010	0.092	0.016	0.634	0.009	0.105
sad	0.041	0.062	0.063	0.037	0.468	0.054	0.274
sad	0.031	0.101	0.066	0.030	0.537	0.039	0.194
sad	0.052	0.026	0.063	0.028	0.540	0.037	0.254
sad	0.092	0.007	0.108	0.013	0.650	0.016	0.114
sad	0.022	0.065	0.074	0.026	0.607	0.049	0.158
sad	0.028	0.062	0.081	0.014	0.656	0.025	0.133
sad	0.041	0.074	0.081	0.028	0.597	0.036	0.143
sad	0.022	0.055	0.078	0.030	0.561	0.027	0.227
sad	0.021	0.034	0.091	0.007	0.687	0.018	0.141
sad	0.026	0.070	0.070	0.056	0.545	0.035	0.198
sad	0.025	0.013	0.074	0.041	0.580	0.034	0.233
sad	0.027	0.037	0.065	0.031	0.467	0.026	0.347
neutral	0.015	0.005	0.087	0.053	0.374	0.037	0.430
sad	0.009	0.001	0.029	0.012	0.706	0.002	0.240
sad	0.018	0.004	0.050	0.023	0.493	0.012	0.399
sad	0.034	0.019	0.053	0.078	0.420	0.022	0.375
neutral	0.018	0.037	0.050	0.048	0.400	0.026	0.422
neutral	0.013	0.009	0.052	0.078	0.245	0.045	0.558
neutral	0.010	0.008	0.059	0.039	0.290	0.027	0.568
neutral	0.011	0.008	0.054	0.051	0.219	0.028	0.629
neutral	0.046	0.026	0.041	0.097	0.343	0.016	0.431
sad	0.021	0.005	0.049	0.015	0.679	0.007	0.224
sad	0.012	0.003	0.052	0.029	0.475	0.006	0.424
sad	0.016	0.002	0.074	0.025	0.452	0.007	0.424
sad	0.010	0.001	0.055	0.011	0.646	0.002	0.274
neutral	0.015	0.004	0.050	0.061	0.334	0.009	0.528
neutral	0.028	0.012	0.035	0.078	0.236	0.012	0.600
neutral	0.018	0.019	0.039	0.132	0.208	0.023	0.561
neutral	0.022	0.007	0.027	0.058	0.082	0.062	0.743
neutral	0.018	0.003	0.014	0.082	0.060	0.043	0.782
neutral	0.012	0.005	0.032	0.059	0.103	0.088	0.701
neutral	0.019	0.003	0.033	0.059	0.098	0.056	0.733
neutral	0.017	0.005	0.027	0.073	0.085	0.036	0.757
neutral	0.014	0.002	0.021	0.062	0.081	0.040	0.779
neutral	0.020	0.005	0.032	0.048	0.094	0.056	0.745
neutral	0.011	0.008	0.032	0.034	0.324	0.006	0.585
sad	0.010	0.006	0.049	0.015	0.567	0.004	0.348
neutral	0.015	0.004	0.040	0.029	0.421	0.008	0.483
sad	0.026	0.009	0.054	0.029	0.535	0.012	0.334
sad	0.099	0.038	0.097	0.024	0.432	0.021	0.288
neutral	0.055	0.026	0.103	0.023	0.324	0.108	0.361
neutral	0.067	0.022	0.078	0.049	0.194	0.056	0.534
sad	0.065	0.002	0.195	0.010	0.283	0.189	0.257
neutral	0.123	0.011	0.134	0.014	0.117	0.280	0.321
surprise	0.174	0.011	0.195	0.011	0.141	0.234	0.234
neutral	0.035	0.014	0.117	0.016	0.127	0.335	0.357
neutral	0.049	0.034	0.075	0.024	0.185	0.102	0.530
neutral	0.049	0.010	0.148	0.010	0.320	0.080	0.384
neutral	0.111	0.044	0.072	0.045	0.208	0.099	0.420
sad	0.063	0.037	0.175	0.011	0.331	0.100	0.283
neutral	0.034	0.026	0.062	0.023	0.398	0.033	0.425
neutral	0.077	0.040	0.066	0.067	0.195	0.045	0.511
neutral	0.062	0.038	0.090	0.101	0.225	0.122	0.362
neutral	0.071	0.028	0.065	0.037	0.213	0.061	0.525
neutral	0.053	0.036	0.068	0.055	0.303	0.039	0.445
neutral	0.055	0.043	0.085	0.069	0.237	0.073	0.439
neutral	0.035	0.040	0.084	0.035	0.314	0.041	0.452
sad	0.026	0.027	0.151	0.008	0.449	0.072	0.268
neutral	0.057	0.044	0.105	0.041	0.264	0.045	0.444
neutral	0.099	0.030	0.082	0.065	0.169	0.111	0.443
neutral	0.026	0.007	0.161	0.056	0.108	0.280	0.362
neutral	0.038	0.027	0.144	0.041	0.191	0.154	0.405
neutral	0.017	0.008	0.148	0.035	0.209	0.105	0.476
neutral	0.025	0.010	0.126	0.036	0.152	0.100	0.551
neutral	0.032	0.005	0.151	0.011	0.210	0.095	0.497
neutral	0.032	0.007	0.100	0.011	0.166	0.084	0.600
neutral	0.045	0.017	0.112	0.016	0.246	0.097	0.468
neutral	0.067	0.067	0.129	0.013	0.317	0.050	0.356
sad	0.020	0.004	0.094	0.005	0.669	0.001	0.208
sad	0.048	0.025	0.126	0.013	0.397	0.059	0.332
neutral	0.056	0.013	0.062	0.046	0.084	0.134	0.604
neutral	0.104	0.032	0.131	0.010	0.295	0.051	0.376
neutral	0.061	0.032	0.096	0.014	0.299	0.051	0.448
neutral	0.046	0.027	0.090	0.017	0.339	0.054	0.427
neutral	0.046	0.026	0.142	0.020	0.332	0.053	0.381
sad	0.069	0.027	0.159	0.016	0.363	0.027	0.339
neutral	0.039	0.015	0.130	0.024	0.201	0.127	0.464
neutral	0.064	0.041	0.094	0.025	0.165	0.129	0.481
neutral	0.121	0.028	0.076	0.012	0.240	0.037	0.486
neutral	0.091	0.044	0.072	0.020	0.244	0.057	0.472
neutral	0.080	0.038	0.110	0.017	0.312	0.053	0.390
neutral	0.086	0.028	0.120	0.019	0.212	0.110	0.424
neutral	0.048	0.017	0.060	0.037	0.173	0.107	0.558
neutral	0.084	0.026	0.139	0.021	0.216	0.159	0.355
neutral	0.060	0.008	0.158	0.018	0.166	0.212	0.378
neutral	0.214	0.062	0.108	0.016	0.131	0.095	0.374
neutral	0.059	0.009	0.160	0.018	0.212	0.137	0.406
surprise	0.075	0.012	0.149	0.017	0.123	0.315	0.310
neutral	0.063	0.008	0.133	0.019	0.189	0.149	0.439
neutral	0.057	0.014	0.168	0.011	0.137	0.226	0.387
neutral	0.084	0.023	0.153	0.010	0.187	0.229	0.315
neutral	0.060	0.043	0.124	0.022	0.246	0.062	0.442
neutral	0.029	0.009	0.145	0.015	0.281	0.137	0.385
neutral	0.030	0.021	0.104	0.009	0.340	0.086	0.410
neutral	0.049	0.034	0.132	0.014	0.233	0.188	0.350
neutral	0.063	0.041	0.127	0.019	0.235	0.100	0.415
neutral	0.040	0.015	0.114	0.014	0.303	0.171	0.343
neutral	0.038	0.020	0.135	0.014	0.212	0.163	0.419
neutral	0.016	0.002	0.124	0.026	0.140	0.340	0.353
surprise	0.013	0.006	0.088	0.022	0.084	0.431	0.356
sad	0.036	0.014	0.099	0.007	0.443	0.071	0.330
neutral	0.068	0.014	0.101	0.014	0.183	0.096	0.525
neutral	0.051	0.006	0.112	0.020	0.133	0.127	0.551
neutral	0.049	0.002	0.115	0.024	0.227	0.099	0.485
neutral	0.037	0.005	0.112	0.025	0.149	0.184	0.489
neutral	0.081	0.007	0.153	0.026	0.227	0.137	0.370
neutral	0.048	0.014	0.148	0.017	0.262	0.131	0.380
neutral	0.072	0.027	0.103	0.007	0.251	0.092	0.449
neutral	0.082	0.012	0.129	0.025	0.168	0.122	0.463
neutral	0.050	0.007	0.120	0.019	0.181	0.170	0.452
neutral	0.047	0.008	0.122	0.025	0.124	0.241	0.433
sad	0.059	0.026	0.120	0.012	0.364	0.063	0.357
neutral	0.053	0.013	0.108	0.020	0.157	0.167	0.481
neutral	0.064	0.006	0.161	0.018	0.215	0.117	0.419
neutral	0.051	0.010	0.102	0.023	0.159	0.108	0.547
neutral	0.042	0.005	0.147	0.025	0.131	0.220	0.431
neutral	0.046	0.016	0.088	0.011	0.225	0.128	0.486
sad	0.031	0.004	0.113	0.011	0.436	0.032	0.373
sad	0.035	0.010	0.160	0.007	0.516	0.026	0.245
sad	0.057	0.017	0.141	0.005	0.480	0.015	0.285
sad	0.042	0.018	0.113	0.009	0.429	0.037	0.351
neutral	0.039	0.004	0.118	0.016	0.225	0.078	0.521
neutral	0.053	0.014	0.086	0.010	0.396	0.027	0.415
neutral	0.048	0.018	0.091	0.016	0.244	0.041	0.542
neutral	0.049	0.013	0.079	0.020	0.265	0.043	0.531
neutral	0.040	0.035	0.116	0.030	0.215	0.163	0.401
neutral	0.090	0.050	0.109	0.026	0.208	0.114	0.403
neutral	0.040	0.009	0.098	0.021	0.172	0.120	0.540
neutral	0.038	0.014	0.146	0.015	0.185	0.138	0.463
neutral	0.047	0.011	0.077	0.021	0.189	0.097	0.557
neutral	0.067	0.019	0.095	0.028	0.210	0.072	0.508
neutral	0.033	0.011	0.097	0.024	0.151	0.205	0.480
neutral	0.046	0.010	0.119	0.017	0.333	0.086	0.388
neutral	0.020	0.032	0.082	0.016	0.385	0.073	0.392
neutral	0.032	0.016	0.126	0.016	0.328	0.040	0.443
sad	0.024	0.041	0.119	0.011	0.564	0.025	0.217
neutral	0.022	0.014	0.103	0.025	0.187	0.192	0.456
neutral	0.022	0.013	0.092	0.029	0.170	0.182	0.493
neutral	0.017	0.013	0.074	0.039	0.130	0.196	0.531
neutral	0.063	0.023	0.150	0.016	0.219	0.173	0.356
neutral	0.028	0.009	0.116	0.017	0.311	0.098	0.421
neutral	0.028	0.002	0.164	0.018	0.146	0.283	0.358
surprise	0.055	0.009	0.113	0.022	0.131	0.373	0.295
surprise	0.036	0.008	0.148	0.018	0.101	0.458	0.232
surprise	0.024	0.003	0.138	0.027	0.047	0.595	0.165
surprise	0.039	0.006	0.199	0.021	0.134	0.358	0.243
neutral	0.038	0.004	0.249	0.016	0.238	0.159	0.296
sad	0.032	0.028	0.116	0.010	0.444	0.027	0.343
sad	0.059	0.050	0.104	0.007	0.558	0.049	0.173
sad	0.056	0.029	0.109	0.007	0.465	0.065	0.269
neutral	0.035	0.015	0.106	0.020	0.268	0.171	0.385
sad	0.070	0.023	0.114	0.008	0.405	0.066	0.314
sad	0.055	0.041	0.117	0.009	0.448	0.043	0.287
sad	0.055	0.036	0.129	0.007	0.490	0.065	0.218
sad	0.065	0.154	0.115	0.008	0.430	0.046	0.182
sad	0.059	0.087	0.135	0.005	0.567	0.035	0.112
sad	0.078	0.065	0.131	0.018	0.510	0.048	0.151
sad	0.102	0.034	0.070	0.046	0.524	0.054	0.171
sad	0.096	0.056	0.103	0.087	0.355	0.101	0.200
sad	0.037	0.044	0.172	0.008	0.588	0.070	0.081
sad	0.076	0.041	0.099	0.043	0.332	0.164	0.243
sad	0.084	0.039	0.114	0.026	0.415	0.115	0.207
sad	0.053	0.028	0.127	0.005	0.601	0.079	0.107
sad	0.049	0.115	0.133	0.007	0.571	0.034	0.092
sad	0.035	0.083	0.129	0.006	0.578	0.062	0.107
sad	0.046	0.060	0.086	0.040	0.322	0.140	0.305
sad	0.049	0.022	0.119	0.015	0.408	0.185	0.202
sad	0.032	0.045	0.094	0.010	0.545	0.104	0.168
sad	0.040	0.033	0.100	0.008	0.598	0.042	0.179
sad	0.047	0.038	0.137	0.009	0.527	0.068	0.174
sad	0.020	0.026	0.183	0.001	0.696	0.025	0.047
sad	0.022	0.035	0.151	0.002	0.742	0.010	0.038
sad	0.037	0.025	0.131	0.001	0.732	0.008	0.066
sad	0.044	0.016	0.130	0.002	0.702	0.019	0.087
sad	0.036	0.009	0.128	0.004	0.540	0.041	0.241
sad	0.057	0.028	0.134	0.011	0.412	0.090	0.268
sad	0.039	0.028	0.123	0.007	0.535	0.054	0.213
sad	0.044	0.024	0.145	0.008	0.467	0.075	0.238
sad	0.063	0.061	0.138	0.015	0.398	0.107	0.218
sad	0.052	0.061	0.093	0.010	0.582	0.019	0.183
sad	0.034	0.032	0.140	0.003	0.664	0.021	0.105
sad	0.034	0.042	0.155	0.002	0.687	0.012	0.069
sad	0.031	0.058	0.140	0.002	0.692	0.018	0.060
sad	0.030	0.015	0.144	0.002	0.740	0.018	0.051
sad	0.040	0.044	0.111	0.004	0.637	0.017	0.146
sad	0.019	0.049	0.076	0.001	0.763	0.017	0.075
sad	0.025	0.022	0.112	0.008	0.610	0.022	0.201
sad	0.017	0.028	0.074	0.002	0.799	0.007	0.074
sad	0.042	0.195	0.126	0.001	0.573	0.014	0.048
sad	0.034	0.040	0.138	0.004	0.618	0.035	0.132
sad	0.069	0.034	0.098	0.011	0.483	0.037	0.269
sad	0.073	0.052	0.127	0.008	0.441	0.057	0.242
sad	0.090	0.035	0.143	0.011	0.411	0.045	0.264
sad	0.068	0.019	0.102	0.016	0.457	0.061	0.277
sad	0.115	0.062	0.119	0.012	0.380	0.065	0.247
sad	0.045	0.108	0.095	0.006	0.572	0.020	0.156
sad	0.028	0.031	0.082	0.001	0.793	0.009	0.055
sad	0.022	0.049	0.096	0.009	0.688	0.012	0.125
sad	0.019	0.005	0.052	0.009	0.701	0.007	0.206
sad	0.009	0.003	0.031	0.013	0.791	0.004	0.149
sad	0.008	0.004	0.026	0.020	0.731	0.005	0.206
sad	0.009	0.003	0.030	0.006	0.828	0.004	0.120
sad	0.013	0.005	0.044	0.005	0.790	0.004	0.140
sad	0.009	0.002	0.056	0.009	0.757	0.003	0.163
sad	0.009	0.003	0.040	0.009	0.795	0.002	0.142
sad	0.020	0.013	0.077	0.006	0.756	0.011	0.116
sad	0.037	0.031	0.130	0.008	0.553	0.027	0.213
sad	0.039	0.050	0.148	0.012	0.488	0.035	0.228
sad	0.031	0.027	0.140	0.015	0.532	0.024	0.231
sad	0.044	0.128	0.154	0.005	0.478	0.026	0.164
sad	0.026	0.019	0.100	0.006	0.683	0.010	0.156
sad	0.024	0.015	0.102	0.004	0.685	0.009	0.162
sad	0.025	0.017	0.158	0.003	0.672	0.018	0.109
sad	0.031	0.037	0.089	0.006	0.645	0.013	0.179
sad	0.027	0.041	0.168	0.002	0.631	0.015	0.115
sad	0.022	0.007	0.153	0.003	0.668	0.009	0.138
sad	0.023	0.024	0.198	0.001	0.703	0.007	0.044
sad	0.050	0.035	0.160	0.002	0.668	0.011	0.074
sad	0.036	0.023	0.162	0.003	0.673	0.013	0.090
sad	0.034	0.076	0.125	0.012	0.510	0.027	0.216
sad	0.047	0.095	0.123	0.008	0.531	0.021	0.175
sad	0.027	0.057	0.123	0.030	0.485	0.044	0.233
sad	0.036	0.037	0.154	0.020	0.450	0.048	0.255
sad	0.026	0.079	0.111	0.008	0.591	0.012	0.173
sad	0.024	0.018	0.076	0.011	0.713	0.010	0.149
sad	0.007	0.001	0.038	0.002	0.859	0.001	0.091
sad	0.064	0.086	0.084	0.008	0.645	0.006	0.107
sad	0.015	0.021	0.144	0.004	0.639	0.003	0.175
sad	0.004	0.001	0.029	0.002	0.868	0.000	0.095
sad	0.002	0.000	0.032	0.008	0.738	0.000	0.219
sad	0.016	0.000	0.029	0.012	0.809	0.000	0.134
sad	0.020	0.000	0.032	0.004	0.873	0.000	0.072
sad	0.016	0.000	0.024	0.003	0.861	0.000	0.095
sad	0.016	0.000	0.060	0.006	0.619	0.000	0.299
sad	0.025	0.000	0.088	0.016	0.616	0.001	0.254
sad	0.012	0.000	0.199	0.012	0.646	0.001	0.130
sad	0.024	0.001	0.130	0.002	0.716	0.001	0.125
sad	0.023	0.005	0.136	0.001	0.804	0.000	0.031
sad	0.097	0.007	0.107	0.001	0.733	0.001	0.054
sad	0.068	0.004	0.113	0.001	0.775	0.001	0.038
sad	0.062	0.008	0.076	0.012	0.778	0.001	0.063
sad	0.071	0.004	0.055	0.007	0.765	0.000	0.099
sad	0.118	0.007	0.079	0.005	0.702	0.001	0.089
sad	0.049	0.004	0.070	0.006	0.798	0.001	0.071
sad	0.090	0.001	0.053	0.007	0.718	0.000	0.131
sad	0.135	0.001	0.058	0.012	0.681	0.000	0.113
sad	0.157	0.002	0.051	0.008	0.580	0.001	0.202
sad	0.198	0.001	0.069	0.003	0.604	0.001	0.124
sad	0.193	0.001	0.086	0.005	0.537	0.001	0.176
sad	0.117	0.001	0.104	0.006	0.591	0.001	0.180
sad	0.087	0.000	0.206	0.021	0.545	0.002	0.139
sad	0.067	0.000	0.074	0.003	0.713	0.001	0.141
sad	0.026	0.000	0.039	0.008	0.811	0.001	0.115
sad	0.023	0.000	0.020	0.030	0.802	0.001	0.124
sad	0.051	0.002	0.018	0.045	0.773	0.001	0.110
sad	0.099	0.005	0.019	0.024	0.673	0.000	0.181
neutral	0.095	0.000	0.018	0.089	0.295	0.001	0.502
neutral	0.090	0.000	0.046	0.081	0.354	0.000	0.428
sad	0.098	0.000	0.059	0.026	0.530	0.000	0.288
sad	0.121	0.000	0.066	0.130	0.362	0.000	0.321
sad	0.160	0.000	0.066	0.160	0.408	0.001	0.205
neutral	0.059	0.001	0.055	0.273	0.198	0.002	0.412
neutral	0.029	0.000	0.031	0.338	0.164	0.002	0.435
happy	0.028	0.000	0.021	0.491	0.090	0.006	0.363
neutral	0.034	0.000	0.018	0.347	0.068	0.011	0.521
neutral	0.024	0.000	0.009	0.324	0.032	0.006	0.605
neutral	0.056	0.000	0.016	0.400	0.059	0.009	0.460
neutral	0.031	0.000	0.011	0.342	0.028	0.010	0.579
neutral	0.044	0.000	0.006	0.432	0.027	0.007	0.482
neutral	0.022	0.000	0.006	0.470	0.020	0.006	0.476
neutral	0.029	0.000	0.008	0.443	0.023	0.011	0.486
neutral	0.053	0.000	0.013	0.157	0.049	0.014	0.715
neutral	0.039	0.000	0.025	0.130	0.095	0.008	0.702
neutral	0.036	0.000	0.025	0.185	0.085	0.006	0.662
neutral	0.031	0.000	0.026	0.128	0.113	0.005	0.695
neutral	0.033	0.000	0.026	0.148	0.149	0.009	0.635
neutral	0.025	0.000	0.020	0.071	0.076	0.007	0.802
neutral	0.019	0.000	0.013	0.075	0.067	0.006	0.821
neutral	0.019	0.000	0.013	0.106	0.058	0.008	0.795
neutral	0.024	0.000	0.015	0.143	0.050	0.009	0.759
neutral	0.026	0.000	0.013	0.084	0.057	0.006	0.814
neutral	0.033	0.000	0.015	0.061	0.106	0.005	0.780
neutral	0.029	0.000	0.013	0.141	0.074	0.008	0.736
neutral	0.026	0.000	0.010	0.148	0.050	0.006	0.761
neutral	0.043	0.000	0.017	0.072	0.068	0.007	0.794
neutral	0.017	0.000	0.008	0.077	0.051	0.003	0.843
neutral	0.026	0.000	0.008	0.044	0.041	0.006	0.875
neutral	0.034	0.000	0.015	0.065	0.051	0.007	0.828
neutral	0.023	0.000	0.008	0.087	0.040	0.005	0.837
neutral	0.020	0.000	0.010	0.042	0.046	0.003	0.879
neutral	0.017	0.000	0.007	0.060	0.022	0.004	0.890
neutral	0.020	0.000	0.009	0.063	0.061	0.002	0.845
neutral	0.012	0.000	0.006	0.046	0.021	0.004	0.912
neutral	0.008	0.000	0.008	0.054	0.034	0.004	0.893
neutral	0.022	0.000	0.010	0.043	0.053	0.001	0.871
neutral	0.013	0.000	0.008	0.030	0.039	0.007	0.903
neutral	0.015	0.000	0.010	0.026	0.066	0.002	0.881
neutral	0.014	0.000	0.012	0.035	0.057	0.006	0.875
neutral	0.012	0.000	0.007	0.039	0.052	0.002	0.888
neutral	0.030	0.000	0.010	0.022	0.096	0.001	0.841
neutral	0.025	0.001	0.015	0.063	0.198	0.000	0.698
neutral	0.027	0.000	0.014	0.015	0.297	0.000	0.646
neutral	0.022	0.001	0.007	0.032	0.081	0.002	0.855
neutral	0.017	0.000	0.010	0.023	0.076	0.003	0.871
neutral	0.020	0.000	0.007	0.010	0.079	0.002	0.882
neutral	0.023	0.000	0.007	0.019	0.100	0.002	0.850
neutral	0.015	0.000	0.006	0.035	0.078	0.001	0.864
neutral	0.016	0.000	0.009	0.042	0.075	0.002	0.855
neutral	0.015	0.000	0.010	0.024	0.087	0.001	0.863
neutral	0.034	0.001	0.011	0.024	0.095	0.002	0.834
neutral	0.037	0.001	0.024	0.021	0.407	0.000	0.509
neutral	0.031	0.000	0.015	0.017	0.186	0.001	0.748
neutral	0.019	0.000	0.013	0.020	0.116	0.002	0.829
neutral	0.022	0.000	0.012	0.019	0.092	0.004	0.852
neutral	0.030	0.000	0.017	0.021	0.173	0.002	0.756
neutral	0.027	0.001	0.009	0.013	0.163	0.001	0.786
neutral	0.041	0.000	0.017	0.036	0.184	0.003	0.719
neutral	0.018	0.001	0.006	0.038	0.096	0.001	0.839
neutral	0.031	0.000	0.017	0.048	0.121	0.003	0.780
neutral	0.019	0.000	0.007	0.048	0.071	0.003	0.852
neutral	0.011	0.000	0.005	0.054	0.029	0.005	0.896
neutral	0.017	0.000	0.005	0.070	0.033	0.007	0.869
neutral	0.013	0.000	0.007	0.056	0.033	0.004	0.888
neutral	0.010	0.000	0.008	0.022	0.066	0.002	0.892
neutral	0.016	0.000	0.013	0.050	0.077	0.004	0.841
neutral	0.029	0.000	0.023	0.126	0.072	0.003	0.747
neutral	0.050	0.000	0.032	0.234	0.069	0.009	0.605
neutral	0.046	0.000	0.047	0.110	0.183	0.015	0.599
neutral	0.019	0.000	0.008	0.037	0.072	0.002	0.861
neutral	0.031	0.000	0.017	0.038	0.141	0.004	0.768
neutral	0.061	0.000	0.018	0.027	0.267	0.001	0.625
neutral	0.028	0.000	0.017	0.024	0.212	0.001	0.718
neutral	0.042	0.001	0.021	0.032	0.206	0.001	0.696
neutral	0.047	0.000	0.014	0.051	0.136	0.002	0.750
neutral	0.040	0.000	0.025	0.095	0.081	0.004	0.754
neutral	0.074	0.001	0.020	0.135	0.068	0.007	0.696
neutral	0.016	0.000	0.006	0.348	0.026	0.006	0.598
neutral	0.056	0.001	0.099	0.043	0.382	0.018	0.400
neutral	0.046	0.000	0.010	0.204	0.051	0.005	0.684
neutral	0.076	0.001	0.047	0.071	0.250	0.018	0.537
neutral	0.053	0.001	0.010	0.161	0.097	0.001	0.677
neutral	0.088	0.001	0.069	0.060	0.317	0.018	0.447
neutral	0.058	0.001	0.015	0.111	0.123	0.002	0.691
neutral	0.093	0.001	0.008	0.147	0.069	0.002	0.679
neutral	0.061	0.000	0.036	0.062	0.188	0.018	0.636
neutral	0.070	0.000	0.010	0.134	0.075	0.002	0.708
neutral	0.105	0.000	0.015	0.049	0.095	0.007	0.728
neutral	0.063	0.000	0.010	0.077	0.048	0.003	0.799
neutral	0.065	0.000	0.031	0.058	0.102	0.016	0.728
neutral	0.062	0.000	0.011	0.109	0.051	0.003	0.764
neutral	0.115	0.001	0.073	0.098	0.176	0.030	0.507
neutral	0.067	0.001	0.014	0.081	0.092	0.002	0.743
neutral	0.108	0.001	0.063	0.108	0.155	0.043	0.522
neutral	0.081	0.000	0.018	0.095	0.070	0.006	0.730
neutral	0.070	0.001	0.016	0.078	0.166	0.001	0.668
neutral	0.077	0.000	0.031	0.077	0.093	0.024	0.698
neutral	0.039	0.001	0.020	0.060	0.246	0.000	0.635
neutral	0.075	0.001	0.015	0.084	0.119	0.003	0.704
neutral	0.046	0.000	0.044	0.062	0.142	0.019	0.687
neutral	0.061	0.001	0.016	0.071	0.129	0.002	0.721
neutral	0.068	0.000	0.069	0.037	0.181	0.033	0.611
neutral	0.032	0.000	0.008	0.096	0.069	0.001	0.794
neutral	0.044	0.000	0.045	0.052	0.112	0.040	0.706
neutral	0.062	0.000	0.015	0.064	0.144	0.001	0.713
neutral	0.091	0.000	0.043	0.046	0.153	0.018	0.649
neutral	0.082	0.000	0.011	0.084	0.078	0.004	0.742
neutral	0.090	0.000	0.069	0.032	0.246	0.032	0.532
neutral	0.022	0.000	0.009	0.063	0.095	0.001	0.811
neutral	0.106	0.000	0.099	0.025	0.286	0.012	0.471
neutral	0.047	0.000	0.016	0.115	0.105	0.002	0.715
neutral	0.045	0.000	0.014	0.093	0.110	0.002	0.735
neutral	0.070	0.000	0.052	0.095	0.195	0.017	0.570
neutral	0.049	0.000	0.016	0.114	0.117	0.002	0.703
neutral	0.108	0.000	0.042	0.037	0.150	0.028	0.636
neutral	0.069	0.000	0.012	0.053	0.081	0.003	0.780
neutral	0.041	0.000	0.015	0.161	0.083	0.003	0.695
neutral	0.084	0.000	0.059	0.110	0.139	0.033	0.575
neutral	0.025	0.000	0.010	0.138	0.058	0.004	0.764
neutral	0.102	0.000	0.047	0.123	0.202	0.023	0.503
neutral	0.026	0.000	0.009	0.122	0.068	0.004	0.771
neutral	0.059	0.000	0.033	0.085	0.149	0.022	0.652
neutral	0.034	0.000	0.011	0.148	0.072	0.004	0.732
neutral	0.078	0.000	0.058	0.073	0.277	0.014	0.499
neutral	0.023	0.000	0.009	0.114	0.078	0.003	0.774
neutral	0.132	0.000	0.060	0.061	0.228	0.018	0.502
neutral	0.035	0.000	0.009	0.133	0.082	0.003	0.738
neutral	0.052	0.000	0.011	0.096	0.066	0.004	0.771
neutral	0.043	0.000	0.009	0.124	0.076	0.003	0.744
neutral	0.049	0.000	0.010	0.114	0.083	0.002	0.742
neutral	0.047	0.000	0.009	0.061	0.063	0.005	0.814
neutral	0.051	0.000	0.010	0.057	0.056	0.004	0.822
neutral	0.036	0.000	0.009	0.059	0.092	0.003	0.802
neutral	0.031	0.000	0.010	0.040	0.075	0.002	0.843
neutral	0.021	0.000	0.008	0.020	0.086	0.002	0.864
neutral	0.043	0.000	0.010	0.026	0.109	0.002	0.810
neutral	0.038	0.000	0.010	0.020	0.098	0.003	0.830
neutral	0.043	0.000	0.023	0.046	0.210	0.003	0.674
neutral	0.021	0.000	0.014	0.049	0.105	0.003	0.809
neutral	0.089	0.000	0.072	0.013	0.187	0.026	0.613
neutral	0.023	0.000	0.017	0.044	0.130	0.003	0.783
neutral	0.026	0.000	0.008	0.025	0.057	0.002	0.882
neutral	0.029	0.000	0.013	0.051	0.070	0.004	0.833
neutral	0.026	0.000	0.011	0.097	0.063	0.004	0.799
neutral	0.013	0.000	0.010	0.074	0.062	0.003	0.838
neutral	0.010	0.000	0.009	0.101	0.041	0.005	0.833
neutral	0.013	0.000	0.009	0.152	0.033	0.008	0.786
neutral	0.011	0.000	0.010	0.102	0.044	0.005	0.828
neutral	0.014	0.000	0.008	0.102	0.041	0.006	0.830
neutral	0.016	0.000	0.008	0.091	0.051	0.005	0.827
neutral	0.016	0.000	0.007	0.102	0.045	0.003	0.827
neutral	0.014	0.000	0.007	0.035	0.079	0.002	0.863
neutral	0.070	0.000	0.065	0.026	0.173	0.024	0.642
neutral	0.043	0.000	0.011	0.031	0.086	0.002	0.827
neutral	0.017	0.000	0.006	0.054	0.061	0.002	0.860
neutral	0.046	0.000	0.066	0.024	0.152	0.027	0.685
neutral	0.017	0.000	0.006	0.052	0.049	0.002	0.874
neutral	0.033	0.000	0.012	0.075	0.113	0.002	0.765
neutral	0.036	0.000	0.011	0.025	0.098	0.002	0.829
neutral	0.062	0.000	0.010	0.042	0.131	0.002	0.753
neutral	0.077	0.000	0.060	0.026	0.198	0.022	0.617
neutral	0.034	0.000	0.015	0.058	0.085	0.004	0.803
neutral	0.062	0.000	0.059	0.057	0.194	0.019	0.608
neutral	0.047	0.000	0.008	0.087	0.081	0.003	0.774
neutral	0.045	0.000	0.016	0.101	0.112	0.003	0.723
neutral	0.027	0.000	0.015	0.069	0.094	0.003	0.792
neutral	0.047	0.000	0.018	0.063	0.129	0.003	0.740
neutral	0.033	0.000	0.016	0.066	0.091	0.003	0.791
neutral	0.029	0.000	0.008	0.035	0.090	0.002	0.837
neutral	0.095	0.000	0.117	0.023	0.236	0.021	0.509
neutral	0.031	0.000	0.009	0.037	0.076	0.002	0.845
neutral	0.040	0.000	0.011	0.051	0.065	0.003	0.829
neutral	0.068	0.000	0.018	0.072	0.176	0.002	0.663
neutral	0.046	0.000	0.013	0.066	0.096	0.002	0.777
neutral	0.036	0.000	0.014	0.041	0.095	0.002	0.812
neutral	0.026	0.000	0.014	0.023	0.115	0.002	0.821
neutral	0.037	0.000	0.013	0.035	0.084	0.002	0.830
neutral	0.021	0.000	0.014	0.029	0.117	0.002	0.816
neutral	0.049	0.000	0.016	0.019	0.136	0.003	0.777
neutral	0.036	0.000	0.020	0.023	0.124	0.002	0.795
neutral	0.035	0.000	0.015	0.045	0.118	0.003	0.784
neutral	0.034	0.000	0.013	0.033	0.110	0.001	0.809
neutral	0.040	0.000	0.015	0.026	0.128	0.001	0.790
neutral	0.045	0.000	0.015	0.050	0.076	0.003	0.810
neutral	0.088	0.000	0.090	0.019	0.290	0.013	0.500
neutral	0.027	0.000	0.012	0.033	0.079	0.002	0.846
neutral	0.061	0.000	0.087	0.022	0.227	0.030	0.573
neutral	0.027	0.000	0.014	0.029	0.136	0.001	0.794
neutral	0.046	0.000	0.011	0.029	0.095	0.002	0.817
neutral	0.033	0.000	0.017	0.014	0.145	0.001	0.790
neutral	0.358	0.000	0.023	0.038	0.190	0.001	0.390
angry	0.649	0.000	0.075	0.020	0.182	0.000	0.073
angry	0.638	0.000	0.074	0.006	0.229	0.000	0.052
angry	0.555	0.000	0.032	0.023	0.250	0.000	0.140
angry	0.421	0.000	0.025	0.030	0.238	0.002	0.284
sad	0.306	0.000	0.045	0.010	0.404	0.002	0.233
sad	0.194	0.001	0.051	0.013	0.443	0.002	0.296
sad	0.079	0.002	0.046	0.008	0.522	0.002	0.340
sad	0.283	0.001	0.149	0.004	0.339	0.047	0.176
sad	0.137	0.001	0.064	0.001	0.645	0.001	0.152
sad	0.142	0.004	0.053	0.031	0.457	0.003	0.311
sad	0.111	0.005	0.059	0.032	0.489	0.003	0.301
sad	0.208	0.002	0.055	0.019	0.441	0.003	0.271
sad	0.123	0.004	0.047	0.036	0.414	0.003	0.372
neutral	0.063	0.010	0.032	0.077	0.376	0.002	0.441
sad	0.176	0.003	0.049	0.024	0.445	0.002	0.301
sad	0.177	0.002	0.075	0.021	0.458	0.002	0.267
neutral	0.057	0.008	0.028	0.027	0.393	0.001	0.485
sad	0.119	0.004	0.043	0.008	0.494	0.001	0.332
neutral	0.093	0.004	0.036	0.026	0.417	0.001	0.422
neutral	0.098	0.003	0.035	0.040	0.358	0.001	0.464
neutral	0.121	0.005	0.036	0.042	0.298	0.002	0.495
sad	0.112	0.001	0.058	0.031	0.470	0.002	0.326
neutral	0.070	0.001	0.039	0.044	0.345	0.002	0.499
sad	0.133	0.004	0.042	0.016	0.476	0.001	0.327
sad	0.112	0.012	0.054	0.047	0.396	0.003	0.376
sad	0.124	0.005	0.046	0.022	0.475	0.002	0.326
neutral	0.145	0.003	0.043	0.038	0.352	0.003	0.415
neutral	0.120	0.000	0.050	0.044	0.342	0.003	0.440
neutral	0.145	0.004	0.057	0.083	0.278	0.006	0.427
sad	0.138	0.000	0.138	0.011	0.359	0.034	0.321
neutral	0.056	0.003	0.023	0.053	0.306	0.002	0.556
neutral	0.101	0.001	0.034	0.038	0.367	0.002	0.457
neutral	0.066	0.007	0.035	0.078	0.287	0.003	0.524
neutral	0.061	0.004	0.031	0.042	0.352	0.002	0.509
sad	0.223	0.000	0.115	0.005	0.364	0.044	0.250
neutral	0.073	0.003	0.040	0.073	0.307	0.003	0.501
neutral	0.076	0.003	0.027	0.016	0.379	0.001	0.498
sad	0.123	0.001	0.043	0.067	0.393	0.004	0.370
sad	0.104	0.000	0.036	0.035	0.483	0.003	0.338
sad	0.166	0.001	0.040	0.059	0.417	0.002	0.315
neutral	0.096	0.002	0.043	0.012	0.352	0.001	0.494
neutral	0.056	0.003	0.021	0.029	0.308	0.002	0.581
neutral	0.050	0.003	0.030	0.034	0.412	0.001	0.469
sad	0.033	0.003	0.050	0.020	0.516	0.001	0.377
sad	0.054	0.002	0.066	0.011	0.632	0.000	0.234
sad	0.047	0.001	0.055	0.012	0.561	0.000	0.323
sad	0.047	0.001	0.063	0.011	0.662	0.000	0.215
sad	0.033	0.001	0.049	0.005	0.716	0.000	0.195
sad	0.029	0.002	0.045	0.015	0.597	0.000	0.312
sad	0.038	0.001	0.051	0.010	0.648	0.000	0.251
sad	0.032	0.000	0.038	0.006	0.773	0.000	0.150
sad	0.031	0.001	0.032	0.012	0.693	0.000	0.230
sad	0.031	0.001	0.037	0.018	0.637	0.000	0.275
sad	0.040	0.002	0.051	0.017	0.634	0.000	0.255
sad	0.035	0.003	0.039	0.023	0.534	0.001	0.365
neutral	0.030	0.002	0.025	0.018	0.360	0.001	0.564
neutral	0.032	0.003	0.013	0.134	0.160	0.002	0.657
neutral	0.037	0.003	0.015	0.085	0.212	0.002	0.647
neutral	0.044	0.001	0.019	0.056	0.258	0.001	0.621
neutral	0.034	0.002	0.014	0.089	0.208	0.001	0.651
sad	0.024	0.001	0.036	0.012	0.549	0.001	0.377
sad	0.047	0.004	0.040	0.061	0.493	0.001	0.354
sad	0.064	0.003	0.032	0.038	0.469	0.001	0.393
neutral	0.049	0.006	0.020	0.095	0.365	0.001	0.464
sad	0.058	0.004	0.050	0.012	0.580	0.001	0.295
neutral	0.045	0.004	0.019	0.029	0.386	0.001	0.516
neutral	0.045	0.002	0.021	0.023	0.373	0.001	0.534
neutral	0.060	0.003	0.029	0.025	0.435	0.001	0.447
neutral	0.053	0.002	0.017	0.060	0.251	0.001	0.615
neutral	0.030	0.003	0.013	0.046	0.229	0.001	0.678
sad	0.202	0.001	0.151	0.008	0.350	0.038	0.250
neutral	0.022	0.002	0.012	0.055	0.172	0.001	0.736
neutral	0.015	0.001	0.010	0.063	0.113	0.002	0.796
neutral	0.066	0.002	0.026	0.045	0.382	0.001	0.478
neutral	0.046	0.002	0.019	0.072	0.263	0.001	0.598
neutral	0.021	0.002	0.010	0.088	0.149	0.002	0.728
neutral	0.028	0.001	0.023	0.016	0.261	0.002	0.668
neutral	0.027	0.002	0.026	0.028	0.396	0.001	0.520
neutral	0.043	0.003	0.052	0.040	0.392	0.001	0.469
neutral	0.043	0.002	0.020	0.059	0.252	0.001	0.623
neutral	0.056	0.002	0.017	0.061	0.312	0.001	0.552
neutral	0.038	0.002	0.012	0.092	0.185	0.001	0.669
neutral	0.048	0.002	0.016	0.091	0.231	0.001	0.611
neutral	0.049	0.003	0.015	0.053	0.217	0.001	0.661
neutral	0.029	0.001	0.019	0.133	0.179	0.002	0.636
neutral	0.032	0.002	0.010	0.069	0.148	0.001	0.738
neutral	0.139	0.001	0.122	0.020	0.284	0.040	0.394
neutral	0.030	0.000	0.007	0.075	0.087	0.002	0.797
neutral	0.029	0.000	0.007	0.079	0.059	0.002	0.824
neutral	0.031	0.000	0.009	0.045	0.084	0.002	0.830
neutral	0.041	0.000	0.010	0.046	0.063	0.002	0.839
neutral	0.061	0.000	0.012	0.058	0.098	0.004	0.767
neutral	0.073	0.000	0.013	0.030	0.110	0.002	0.771
neutral	0.134	0.000	0.014	0.091	0.067	0.001	0.693
neutral	0.096	0.000	0.009	0.058	0.061	0.002	0.775
neutral	0.197	0.000	0.010	0.082	0.075	0.002	0.635
neutral	0.081	0.000	0.004	0.103	0.027	0.001	0.784
neutral	0.106	0.000	0.005	0.092	0.036	0.001	0.761
neutral	0.100	0.000	0.007	0.148	0.036	0.002	0.707
neutral	0.087	0.000	0.006	0.232	0.032	0.004	0.639
neutral	0.120	0.000	0.005	0.105	0.044	0.001	0.726
neutral	0.065	0.000	0.004	0.132	0.034	0.002	0.763
neutral	0.167	0.000	0.068	0.034	0.211	0.031	0.487
neutral	0.071	0.000	0.005	0.179	0.026	0.003	0.716
neutral	0.201	0.000	0.088	0.024	0.202	0.029	0.455
neutral	0.118	0.000	0.007	0.062	0.049	0.001	0.764
neutral	0.145	0.000	0.061	0.017	0.186	0.021	0.570
neutral	0.095	0.000	0.005	0.206	0.030	0.003	0.660
neutral	0.079	0.000	0.006	0.077	0.045	0.001	0.792
neutral	0.186	0.000	0.086	0.023	0.167	0.034	0.504
neutral	0.108	0.000	0.004	0.141	0.036	0.001	0.710
neutral	0.220	0.000	0.005	0.085	0.044	0.001	0.644
neutral	0.258	0.000	0.006	0.064	0.057	0.001	0.615
neutral	0.261	0.000	0.104	0.018	0.275	0.026	0.315
neutral	0.279	0.000	0.008	0.065	0.060	0.001	0.588
neutral	0.156	0.000	0.006	0.093	0.049	0.001	0.695
neutral	0.142	0.000	0.008	0.223	0.039	0.003	0.585
neutral	0.178	0.000	0.009	0.064	0.065	0.001	0.683
neutral	0.093	0.000	0.007	0.198	0.037	0.002	0.662
neutral	0.149	0.000	0.061	0.026	0.252	0.030	0.482
neutral	0.140	0.000	0.012	0.144	0.062	0.004	0.637
neutral	0.225	0.001	0.106	0.009	0.282	0.032	0.345
neutral	0.078	0.000	0.008	0.046	0.067	0.001	0.801
neutral	0.164	0.000	0.135	0.010	0.259	0.037	0.395
neutral	0.082	0.000	0.008	0.154	0.040	0.002	0.714
neutral	0.073	0.000	0.007	0.127	0.062	0.001	0.729
sad	0.206	0.000	0.113	0.012	0.335	0.031	0.302
neutral	0.110	0.001	0.016	0.098	0.127	0.002	0.646
neutral	0.131	0.002	0.139	0.009	0.319	0.047	0.353
neutral	0.057	0.000	0.016	0.132	0.093	0.003	0.697
neutral	0.075	0.002	0.026	0.159	0.158	0.004	0.576
sad	0.127	0.005	0.034	0.034	0.455	0.001	0.343
neutral	0.117	0.005	0.022	0.125	0.228	0.002	0.501
neutral	0.223	0.003	0.025	0.054	0.288	0.001	0.405
neutral	0.179	0.002	0.028	0.083	0.204	0.002	0.501
neutral	0.098	0.000	0.009	0.274	0.047	0.004	0.567
neutral	0.222	0.000	0.019	0.053	0.094	0.002	0.610
neutral	0.137	0.000	0.016	0.044	0.092	0.001	0.710
sad	0.215	0.002	0.076	0.023	0.352	0.029	0.303
neutral	0.132	0.000	0.010	0.066	0.055	0.002	0.736
neutral	0.207	0.000	0.103	0.007	0.272	0.026	0.385
neutral	0.141	0.000	0.009	0.075	0.063	0.001	0.711
neutral	0.117	0.000	0.008	0.082	0.059	0.002	0.733
neutral	0.113	0.000	0.007	0.075	0.056	0.001	0.748
neutral	0.303	0.000	0.048	0.020	0.158	0.015	0.456
neutral	0.146	0.000	0.011	0.245	0.049	0.003	0.546
sad	0.197	0.000	0.096	0.019	0.350	0.025	0.312
neutral	0.113	0.000	0.006	0.328	0.023	0.003	0.527
neutral	0.265	0.000	0.033	0.063	0.106	0.014	0.519
neutral	0.212	0.000	0.005	0.210	0.030	0.002	0.542
neutral	0.296	0.000	0.076	0.030	0.225	0.022	0.351
neutral	0.237	0.000	0.007	0.075	0.064	0.001	0.616
neutral	0.224	0.001	0.142	0.032	0.259	0.059	0.283
neutral	0.322	0.000	0.009	0.129	0.054	0.002	0.484
neutral	0.181	0.000	0.007	0.126	0.042	0.002	0.643
neutral	0.116	0.001	0.013	0.068	0.156	0.002	0.644
neutral	0.117	0.001	0.023	0.107	0.179	0.003	0.569
neutral	0.075	0.001	0.012	0.103	0.135	0.002	0.672
neutral	0.088	0.000	0.026	0.092	0.158	0.004	0.632
sad	0.101	0.001	0.190	0.010	0.388	0.023	0.288
neutral	0.104	0.000	0.025	0.137	0.139	0.005	0.590
neutral	0.134	0.001	0.024	0.096	0.155	0.004	0.587
neutral	0.169	0.000	0.026	0.057	0.187	0.004	0.557
neutral	0.141	0.001	0.042	0.123	0.163	0.008	0.521
neutral	0.224	0.001	0.030	0.046	0.252	0.002	0.444
neutral	0.308	0.002	0.082	0.054	0.223	0.010	0.321
neutral	0.208	0.001	0.035	0.021	0.319	0.002	0.415
neutral	0.212	0.002	0.022	0.046	0.252	0.001	0.465
neutral	0.096	0.001	0.144	0.016	0.331	0.038	0.373
neutral	0.146	0.001	0.033	0.051	0.223	0.004	0.542
neutral	0.114	0.000	0.021	0.068	0.181	0.003	0.613
neutral	0.133	0.001	0.020	0.062	0.178	0.002	0.604
neutral	0.112	0.000	0.011	0.072	0.089	0.002	0.713
neutral	0.298	0.000	0.021	0.022	0.176	0.001	0.481
neutral	0.264	0.001	0.017	0.083	0.105	0.002	0.529
neutral	0.145	0.000	0.114	0.010	0.338	0.031	0.362
neutral	0.061	0.008	0.024	0.063	0.308	0.001	0.535
neutral	0.192	0.000	0.019	0.080	0.097	0.003	0.608
neutral	0.313	0.000	0.014	0.112	0.072	0.002	0.487
neutral	0.323	0.000	0.018	0.109	0.095	0.002	0.453
sad	0.267	0.000	0.132	0.017	0.326	0.028	0.230
angry	0.581	0.000	0.020	0.021	0.131	0.001	0.246
angry	0.509	0.000	0.017	0.056	0.093	0.001	0.325
neutral	0.390	0.000	0.019	0.058	0.099	0.001	0.433
angry	0.450	0.000	0.014	0.022	0.115	0.000	0.398
neutral	0.282	0.000	0.043	0.042	0.150	0.014	0.469
angry	0.444	0.000	0.018	0.021	0.110	0.001	0.406
neutral	0.203	0.000	0.013	0.093	0.059	0.002	0.629
neutral	0.220	0.000	0.012	0.063	0.075	0.001	0.629
neutral	0.249	0.000	0.015	0.046	0.111	0.001	0.578
neutral	0.164	0.000	0.013	0.080	0.099	0.001	0.643
neutral	0.224	0.000	0.017	0.034	0.110	0.001	0.614
neutral	0.197	0.000	0.013	0.060	0.086	0.002	0.642
neutral	0.218	0.000	0.011	0.041	0.094	0.001	0.636
neutral	0.247	0.000	0.021	0.072	0.107	0.002	0.551
neutral	0.322	0.000	0.021	0.046	0.133	0.001	0.477
neutral	0.254	0.000	0.009	0.033	0.097	0.001	0.606
neutral	0.350	0.000	0.013	0.046	0.126	0.001	0.465
neutral	0.411	0.000	0.014	0.038	0.099	0.001	0.437
neutral	0.350	0.000	0.015	0.051	0.086	0.001	0.497
angry	0.400	0.000	0.049	0.054	0.112	0.014	0.372
neutral	0.345	0.000	0.022	0.101	0.102	0.001	0.429
angry	0.397	0.000	0.064	0.025	0.182	0.029	0.304
neutral	0.269	0.000	0.013	0.057	0.103	0.001	0.557
angry	0.355	0.000	0.066	0.015	0.252	0.019	0.293
neutral	0.281	0.000	0.010	0.059	0.103	0.001	0.544
neutral	0.177	0.000	0.014	0.118	0.077	0.003	0.611
neutral	0.183	0.000	0.016	0.093	0.077	0.002	0.630
neutral	0.153	0.000	0.010	0.133	0.049	0.003	0.652
neutral	0.218	0.000	0.016	0.056	0.082	0.001	0.627
neutral	0.334	0.000	0.012	0.061	0.071	0.001	0.521
neutral	0.188	0.000	0.016	0.251	0.067	0.002	0.475
angry	0.519	0.000	0.009	0.070	0.061	0.001	0.339
angry	0.513	0.000	0.015	0.037	0.094	0.001	0.340
angry	0.427	0.000	0.045	0.068	0.114	0.002	0.344
neutral	0.267	0.002	0.076	0.100	0.147	0.005	0.404
neutral	0.243	0.001	0.036	0.067	0.198	0.002	0.453
neutral	0.197	0.001	0.049	0.030	0.260	0.002	0.461
neutral	0.124	0.002	0.051	0.104	0.196	0.006	0.518
neutral	0.094	0.005	0.041	0.105	0.265	0.004	0.487
neutral	0.094	0.002	0.025	0.052	0.244	0.002	0.581
neutral	0.076	0.005	0.020	0.029	0.352	0.001	0.517
neutral	0.070	0.003	0.018	0.045	0.250	0.001	0.614
sad	0.034	0.001	0.065	0.017	0.619	0.001	0.263
neutral	0.071	0.005	0.039	0.059	0.370	0.002	0.454
neutral	0.192	0.004	0.044	0.044	0.356	0.001	0.360
neutral	0.072	0.001	0.038	0.089	0.274	0.002	0.524
neutral	0.153	0.000	0.119	0.058	0.315	0.024	0.330
sad	0.025	0.001	0.088	0.019	0.691	0.001	0.175
sad	0.027	0.001	0.061	0.019	0.783	0.001	0.109
sad	0.018	0.000	0.094	0.004	0.825	0.000	0.059
sad	0.033	0.001	0.079	0.004	0.744	0.000	0.139
sad	0.025	0.000	0.069	0.004	0.738	0.000	0.163
sad	0.024	0.001	0.054	0.008	0.704	0.000	0.209
sad	0.045	0.001	0.062	0.006	0.730	0.000	0.155
sad	0.030	0.000	0.071	0.005	0.714	0.000	0.178
sad	0.016	0.001	0.069	0.005	0.771	0.000	0.139
sad	0.024	0.001	0.094	0.006	0.751	0.000	0.124
neutral	0.176	0.000	0.041	0.063	0.206	0.005	0.509
neutral	0.141	0.000	0.025	0.023	0.159	0.002	0.649
neutral	0.240	0.000	0.026	0.041	0.154	0.004	0.535
neutral	0.210	0.000	0.026	0.104	0.095	0.004	0.561
sad	0.042	0.001	0.056	0.011	0.632	0.000	0.258
sad	0.043	0.001	0.057	0.021	0.503	0.001	0.375
neutral	0.024	0.003	0.013	0.022	0.168	0.001	0.769
neutral	0.021	0.000	0.026	0.042	0.276	0.001	0.634
neutral	0.013	0.001	0.019	0.014	0.200	0.000	0.753
neutral	0.033	0.001	0.068	0.075	0.266	0.001	0.556
neutral	0.020	0.001	0.099	0.029	0.321	0.009	0.520
sad	0.035	0.001	0.209	0.037	0.425	0.009	0.283
sad	0.100	0.001	0.085	0.027	0.530	0.001	0.257
sad	0.088	0.001	0.117	0.103	0.395	0.003	0.293
sad	0.093	0.001	0.119	0.085	0.412	0.002	0.288
sad	0.128	0.004	0.116	0.064	0.408	0.001	0.280
sad	0.122	0.003	0.070	0.109	0.457	0.000	0.239
sad	0.124	0.002	0.053	0.014	0.561	0.001	0.245
sad	0.176	0.006	0.067	0.018	0.488	0.000	0.244
sad	0.071	0.002	0.088	0.030	0.464	0.001	0.344
sad	0.135	0.001	0.087	0.028	0.488	0.001	0.260
sad	0.069	0.000	0.077	0.016	0.724	0.001	0.112
sad	0.106	0.000	0.102	0.012	0.589	0.001	0.190
sad	0.125	0.001	0.087	0.012	0.605	0.001	0.169
sad	0.100	0.001	0.084	0.019	0.555	0.001	0.240
sad	0.086	0.001	0.102	0.036	0.567	0.002	0.206
sad	0.080	0.001	0.092	0.024	0.609	0.001	0.193
sad	0.105	0.002	0.082	0.036	0.491	0.001	0.283
sad	0.116	0.001	0.124	0.014	0.519	0.001	0.224
sad	0.140	0.001	0.133	0.031	0.464	0.001	0.230
sad	0.104	0.001	0.122	0.030	0.511	0.001	0.230
sad	0.113	0.001	0.146	0.096	0.463	0.001	0.180
sad	0.128	0.001	0.059	0.053	0.459	0.000	0.299
sad	0.100	0.002	0.079	0.038	0.524	0.001	0.255
sad	0.078	0.004	0.092	0.037	0.456	0.001	0.333
sad	0.059	0.001	0.098	0.033	0.444	0.001	0.364
sad	0.091	0.002	0.099	0.051	0.422	0.001	0.334
sad	0.095	0.002	0.065	0.033	0.511	0.001	0.292
sad	0.083	0.002	0.071	0.038	0.569	0.000	0.237
sad	0.092	0.002	0.085	0.043	0.561	0.000	0.216
sad	0.090	0.002	0.069	0.051	0.506	0.000	0.281
sad	0.112	0.001	0.068	0.038	0.566	0.001	0.214
sad	0.061	0.002	0.078	0.045	0.464	0.001	0.349
sad	0.067	0.001	0.076	0.038	0.553	0.000	0.264
sad	0.067	0.002	0.095	0.022	0.532	0.000	0.281
sad	0.067	0.001	0.086	0.027	0.548	0.001	0.269
sad	0.084	0.002	0.079	0.031	0.550	0.001	0.255
sad	0.093	0.003	0.069	0.012	0.651	0.000	0.171
sad	0.130	0.003	0.091	0.070	0.435	0.001	0.270
sad	0.087	0.001	0.064	0.082	0.486	0.001	0.279
sad	0.105	0.006	0.063	0.085	0.406	0.001	0.334
sad	0.106	0.002	0.093	0.028	0.483	0.000	0.286
sad	0.081	0.002	0.075	0.043	0.439	0.000	0.360
sad	0.079	0.002	0.067	0.025	0.509	0.001	0.318
sad	0.104	0.001	0.094	0.014	0.539	0.001	0.246
sad	0.099	0.004	0.068	0.039	0.538	0.000	0.251
sad	0.108	0.006	0.056	0.023	0.543	0.000	0.264
sad	0.074	0.001	0.077	0.027	0.558	0.001	0.263
sad	0.128	0.004	0.041	0.057	0.555	0.000	0.215
sad	0.063	0.001	0.060	0.043	0.658	0.000	0.175
sad	0.084	0.001	0.045	0.040	0.599	0.000	0.230
sad	0.106	0.002	0.064	0.057	0.482	0.000	0.289
sad	0.150	0.004	0.090	0.029	0.559	0.000	0.167
sad	0.183	0.005	0.053	0.017	0.588	0.000	0.154
angry	0.388	0.004	0.067	0.015	0.378	0.000	0.147
angry	0.498	0.002	0.083	0.023	0.272	0.001	0.121
angry	0.506	0.001	0.112	0.007	0.296	0.000	0.077
sad	0.372	0.002	0.129	0.013	0.393	0.001	0.089
sad	0.333	0.003	0.166	0.012	0.423	0.001	0.062
sad	0.282	0.004	0.175	0.012	0.462	0.001	0.064
angry	0.603	0.002	0.098	0.016	0.219	0.000	0.060
angry	0.427	0.002	0.134	0.010	0.377	0.000	0.050
sad	0.359	0.002	0.152	0.010	0.433	0.000	0.043
angry	0.393	0.002	0.174	0.014	0.363	0.000	0.053
sad	0.246	0.002	0.128	0.007	0.548	0.000	0.069
sad	0.281	0.002	0.176	0.024	0.415	0.001	0.101
angry	0.404	0.002	0.087	0.023	0.336	0.001	0.148
sad	0.269	0.002	0.140	0.015	0.438	0.001	0.136
sad	0.183	0.001	0.152	0.043	0.480	0.001	0.140
sad	0.211	0.001	0.076	0.137	0.425	0.001	0.148
sad	0.211	0.004	0.115	0.076	0.453	0.001	0.141
sad	0.245	0.003	0.111	0.046	0.464	0.001	0.130
sad	0.283	0.002	0.052	0.090	0.410	0.001	0.162
sad	0.357	0.002	0.061	0.047	0.393	0.000	0.139
angry	0.361	0.003	0.077	0.043	0.359	0.000	0.156
sad	0.366	0.003	0.082	0.047	0.383	0.001	0.118
angry	0.391	0.006	0.062	0.087	0.341	0.000	0.114
sad	0.305	0.005	0.077	0.058	0.384	0.000	0.170
sad	0.276	0.003	0.083	0.026	0.435	0.000	0.176
sad	0.310	0.002	0.051	0.041	0.395	0.000	0.202
sad	0.206	0.003	0.076	0.032	0.530	0.000	0.153
sad	0.229	0.003	0.094	0.076	0.456	0.000	0.142
neutral	0.260	0.003	0.081	0.111	0.261	0.001	0.283
sad	0.241	0.004	0.092	0.138	0.309	0.001	0.214
sad	0.239	0.003	0.083	0.161	0.301	0.001	0.212
sad	0.191	0.005	0.082	0.233	0.257	0.002	0.230
angry	0.383	0.004	0.167	0.075	0.206	0.004	0.161
sad	0.317	0.001	0.186	0.037	0.358	0.004	0.097
angry	0.315	0.001	0.221	0.072	0.248	0.004	0.139
angry	0.396	0.002	0.223	0.049	0.266	0.002	0.062
angry	0.509	0.001	0.237	0.026	0.192	0.002	0.033
sad	0.320	0.001	0.214	0.012	0.387	0.002	0.064
angry	0.492	0.002	0.217	0.024	0.206	0.001	0.058
angry	0.499	0.002	0.181	0.022	0.228	0.001	0.066
angry	0.412	0.004	0.149	0.015	0.358	0.001	0.061
sad	0.365	0.004	0.144	0.020	0.389	0.001	0.077
angry	0.551	0.002	0.158	0.031	0.200	0.001	0.057
angry	0.487	0.004	0.181	0.026	0.240	0.001	0.060
angry	0.604	0.004	0.119	0.029	0.188	0.001	0.055
angry	0.500	0.006	0.164	0.042	0.221	0.001	0.066
angry	0.414	0.001	0.179	0.058	0.227	0.002	0.118
sad	0.363	0.001	0.163	0.009	0.407	0.001	0.055
sad	0.342	0.002	0.138	0.014	0.439	0.001	0.065
sad	0.368	0.001	0.176	0.009	0.394	0.001	0.051
angry	0.425	0.002	0.183	0.023	0.292	0.001	0.073
sad	0.315	0.002	0.145	0.044	0.394	0.001	0.099
angry	0.367	0.006	0.119	0.051	0.352	0.000	0.105
angry	0.358	0.005	0.157	0.059	0.271	0.001	0.150
angry	0.380	0.001	0.138	0.027	0.286	0.001	0.167
angry	0.395	0.003	0.176	0.025	0.308	0.001	0.092
angry	0.389	0.004	0.114	0.077	0.291	0.001	0.124
angry	0.372	0.003	0.118	0.078	0.289	0.002	0.139
angry	0.535	0.006	0.103	0.029	0.253	0.000	0.073
angry	0.580	0.003	0.088	0.057	0.174	0.001	0.097
sad	0.332	0.002	0.126	0.012	0.399	0.001	0.128
angry	0.347	0.001	0.155	0.021	0.342	0.001	0.133
angry	0.366	0.001	0.114	0.022	0.323	0.002	0.171
angry	0.419	0.004	0.102	0.071	0.302	0.001	0.100
sad	0.257	0.002	0.096	0.033	0.452	0.001	0.160
angry	0.442	0.002	0.138	0.040	0.258	0.002	0.119
sad	0.290	0.002	0.099	0.036	0.394	0.001	0.179
sad	0.240	0.002	0.101	0.094	0.398	0.001	0.164
sad	0.252	0.001	0.097	0.020	0.492	0.000	0.137
sad	0.260	0.002	0.114	0.039	0.459	0.001	0.125
sad	0.244	0.002	0.066	0.037	0.403	0.001	0.247
angry	0.385	0.005	0.052	0.019	0.383	0.000	0.156
sad	0.246	0.002	0.101	0.037	0.456	0.001	0.157
sad	0.319	0.002	0.060	0.053	0.388	0.000	0.178
angry	0.400	0.002	0.066	0.027	0.348	0.001	0.156
angry	0.383	0.003	0.102	0.052	0.301	0.001	0.158
angry	0.330	0.001	0.099	0.058	0.320	0.001	0.190
sad	0.251	0.002	0.088	0.027	0.429	0.001	0.202
sad	0.327	0.002	0.088	0.033	0.401	0.000	0.149
angry	0.471	0.001	0.075	0.023	0.300	0.001	0.129
angry	0.378	0.004	0.081	0.061	0.294	0.001	0.182
angry	0.380	0.009	0.077	0.034	0.337	0.001	0.162
sad	0.312	0.002	0.108	0.021	0.394	0.001	0.162
sad	0.242	0.002	0.075	0.062	0.329	0.003	0.285
neutral	0.179	0.000	0.103	0.095	0.255	0.002	0.365
sad	0.233	0.002	0.121	0.064	0.312	0.006	0.262
sad	0.291	0.003	0.119	0.059	0.349	0.001	0.178
sad	0.254	0.003	0.111	0.031	0.396	0.001	0.206
sad	0.328	0.006	0.085	0.049	0.377	0.001	0.154
sad	0.188	0.004	0.089	0.039	0.468	0.001	0.212
sad	0.173	0.002	0.103	0.030	0.493	0.001	0.198
sad	0.246	0.008	0.099	0.035	0.410	0.000	0.201
sad	0.273	0.005	0.083	0.030	0.420	0.001	0.189
sad	0.263	0.003	0.088	0.030	0.439	0.001	0.176
sad	0.343	0.002	0.047	0.049	0.371	0.000	0.187
angry	0.405	0.005	0.038	0.061	0.297	0.000	0.194
sad	0.215	0.004	0.062	0.025	0.529	0.000	0.164
sad	0.244	0.004	0.105	0.026	0.434	0.001	0.187
sad	0.272	0.003	0.089	0.040	0.422	0.001	0.173
sad	0.291	0.003	0.082	0.022	0.422	0.000	0.179
sad	0.232	0.004	0.076	0.017	0.474	0.000	0.196
sad	0.306	0.003	0.059	0.044	0.360	0.001	0.226
sad	0.323	0.004	0.090	0.033	0.364	0.001	0.185
sad	0.300	0.005	0.119	0.019	0.403	0.000	0.153
sad	0.247	0.003	0.061	0.109	0.331	0.001	0.249
sad	0.283	0.005	0.092	0.057	0.359	0.001	0.204
sad	0.218	0.010	0.094	0.062	0.361	0.000	0.255
sad	0.252	0.003	0.080	0.031	0.406	0.001	0.227
sad	0.231	0.003	0.037	0.130	0.371	0.000	0.228
sad	0.256	0.004	0.096	0.037	0.396	0.000	0.211
sad	0.248	0.006	0.094	0.072	0.367	0.001	0.211
sad	0.276	0.005	0.070	0.109	0.318	0.001	0.222
sad	0.266	0.004	0.086	0.067	0.336	0.000	0.240
sad	0.266	0.002	0.086	0.048	0.330	0.001	0.267
sad	0.268	0.010	0.094	0.055	0.360	0.000	0.213
sad	0.234	0.003	0.093	0.043	0.415	0.001	0.212
sad	0.299	0.007	0.096	0.042	0.373	0.001	0.182
sad	0.196	0.006	0.076	0.113	0.382	0.001	0.226
sad	0.136	0.004	0.106	0.140	0.391	0.001	0.222
sad	0.257	0.014	0.053	0.066	0.456	0.000	0.154
sad	0.146	0.007	0.082	0.131	0.427	0.000	0.206
sad	0.148	0.003	0.112	0.057	0.472	0.000	0.207
sad	0.085	0.004	0.125	0.039	0.620	0.000	0.127
sad	0.082	0.001	0.112	0.043	0.505	0.001	0.256
sad	0.024	0.006	0.132	0.206	0.464	0.001	0.167
sad	0.020	0.002	0.090	0.087	0.710	0.002	0.089
sad	0.016	0.000	0.063	0.007	0.650	0.000	0.264
sad	0.084	0.000	0.073	0.002	0.495	0.000	0.345
sad	0.149	0.000	0.075	0.010	0.608	0.001	0.157
neutral	0.048	0.000	0.142	0.008	0.346	0.000	0.455
neutral	0.012	0.000	0.227	0.008	0.253	0.001	0.499
neutral	0.018	0.000	0.076	0.039	0.265	0.003	0.599
neutral	0.008	0.001	0.053	0.151	0.121	0.010	0.656
happy	0.050	0.010	0.093	0.450	0.118	0.013	0.267
fear	0.145	0.016	0.240	0.237	0.115	0.044	0.203
sad	0.148	0.002	0.218	0.139	0.304	0.025	0.162
sad	0.013	0.003	0.070	0.026	0.693	0.002	0.192
sad	0.018	0.002	0.103	0.056	0.613	0.002	0.205
sad	0.012	0.000	0.112	0.138	0.562	0.002	0.172
sad	0.030	0.002	0.109	0.108	0.587	0.003	0.162
sad	0.012	0.005	0.051	0.068	0.768	0.001	0.095
sad	0.023	0.002	0.102	0.217	0.435	0.002	0.218
sad	0.026	0.006	0.095	0.159	0.598	0.003	0.113
sad	0.034	0.008	0.098	0.307	0.398	0.008	0.148
sad	0.028	0.005	0.091	0.261	0.476	0.003	0.135
happy	0.045	0.009	0.110	0.459	0.256	0.007	0.114
happy	0.028	0.046	0.093	0.616	0.130	0.006	0.081
happy	0.116	0.026	0.094	0.578	0.066	0.023	0.097
happy	0.109	0.054	0.079	0.518	0.078	0.017	0.146
happy	0.127	0.015	0.083	0.487	0.083	0.012	0.193
happy	0.157	0.035	0.145	0.353	0.114	0.014	0.182
fear	0.197	0.050	0.297	0.054	0.266	0.100	0.035
angry	0.373	0.044	0.287	0.039	0.162	0.073	0.023
fear	0.211	0.076	0.328	0.049	0.170	0.111	0.055
fear	0.139	0.128	0.378	0.045	0.141	0.125	0.043
fear	0.152	0.070	0.380	0.056	0.201	0.060	0.081
fear	0.195	0.191	0.397	0.019	0.106	0.050	0.043
fear	0.224	0.088	0.434	0.027	0.075	0.128	0.024
fear	0.160	0.088	0.371	0.039	0.203	0.067	0.071
fear	0.182	0.155	0.347	0.028	0.158	0.058	0.072
disgust	0.145	0.258	0.236	0.037	0.227	0.038	0.059
fear	0.242	0.203	0.325	0.010	0.134	0.051	0.036
fear	0.178	0.100	0.337	0.038	0.185	0.102	0.059
disgust	0.225	0.226	0.201	0.031	0.194	0.044	0.079
fear	0.159	0.087	0.247	0.068	0.238	0.086	0.114
disgust	0.179	0.290	0.185	0.029	0.229	0.046	0.042
fear	0.181	0.085	0.304	0.070	0.116	0.146	0.099
fear	0.135	0.047	0.332	0.131	0.154	0.126	0.075
fear	0.159	0.043	0.364	0.085	0.154	0.137	0.058
fear	0.168	0.004	0.321	0.074	0.313	0.032	0.086
fear	0.278	0.075	0.307	0.014	0.276	0.025	0.026
fear	0.182	0.085	0.354	0.020	0.314	0.022	0.023
angry	0.293	0.162	0.206	0.034	0.251	0.023	0.031
sad	0.134	0.032	0.308	0.029	0.441	0.013	0.043
sad	0.131	0.035	0.303	0.038	0.441	0.013	0.038
sad	0.107	0.031	0.274	0.030	0.512	0.013	0.034
sad	0.136	0.026	0.305	0.012	0.482	0.010	0.030
sad	0.192	0.007	0.354	0.022	0.361	0.016	0.047
fear	0.253	0.010	0.369	0.057	0.218	0.055	0.038
fear	0.336	0.042	0.365	0.014	0.190	0.036	0.016
angry	0.468	0.010	0.291	0.015	0.143	0.045	0.029
angry	0.497	0.016	0.261	0.024	0.092	0.063	0.047
fear	0.288	0.003	0.317	0.056	0.164	0.055	0.117
angry	0.498	0.002	0.225	0.053	0.091	0.042	0.089
angry	0.435	0.001	0.228	0.117	0.088	0.050	0.081
angry	0.508	0.001	0.239	0.080	0.073	0.035	0.066
angry	0.417	0.002	0.229	0.075	0.128	0.057	0.091
angry	0.551	0.003	0.184	0.051	0.093	0.057	0.062
angry	0.562	0.001	0.203	0.027	0.106	0.025	0.076
angry	0.571	0.001	0.190	0.031	0.102	0.029	0.076
angry	0.417	0.006	0.241	0.032	0.167	0.073	0.064
angry	0.432	0.003	0.332	0.019	0.105	0.059	0.050
angry	0.444	0.005	0.222	0.087	0.052	0.131	0.058
angry	0.357	0.009	0.245	0.136	0.088	0.094	0.071
fear	0.264	0.004	0.322	0.111	0.077	0.165	0.058
surprise	0.266	0.002	0.229	0.088	0.058	0.288	0.069
angry	0.327	0.003	0.245	0.070	0.098	0.165	0.092
angry	0.306	0.003	0.193	0.079	0.072	0.248	0.099
angry	0.367	0.003	0.224	0.079	0.064	0.211	0.053
angry	0.274	0.001	0.216	0.099	0.070	0.223	0.118
angry	0.352	0.002	0.262	0.055	0.048	0.193	0.089
angry	0.433	0.004	0.269	0.033	0.092	0.099	0.070
angry	0.285	0.002	0.209	0.085	0.066	0.261	0.092
angry	0.274	0.006	0.207	0.088	0.073	0.249	0.102
fear	0.291	0.010	0.298	0.089	0.081	0.176	0.056
fear	0.161	0.007	0.298	0.065	0.147	0.282	0.040
fear	0.108	0.004	0.314	0.097	0.126	0.303	0.048
surprise	0.223	0.072	0.223	0.040	0.139	0.257	0.045
fear	0.167	0.016	0.282	0.098	0.193	0.166	0.077
fear	0.144	0.013	0.304	0.173	0.211	0.100	0.055
fear	0.183	0.004	0.238	0.143	0.077	0.216	0.139
angry	0.344	0.004	0.245	0.091	0.079	0.129	0.110
angry	0.288	0.005	0.266	0.086	0.074	0.210	0.072
angry	0.356	0.003	0.189	0.068	0.042	0.260	0.081
angry	0.291	0.003	0.268	0.061	0.050	0.278	0.048
angry	0.243	0.012	0.229	0.141	0.109	0.114	0.152
fear	0.252	0.002	0.255	0.098	0.056	0.183	0.154
angry	0.353	0.003	0.229	0.058	0.049	0.192	0.116
surprise	0.278	0.002	0.211	0.048	0.029	0.353	0.079
surprise	0.237	0.003	0.237	0.056	0.038	0.334	0.096
surprise	0.233	0.002	0.196	0.059	0.033	0.371	0.106
angry	0.389	0.002	0.211	0.106	0.064	0.157	0.071
fear	0.223	0.008	0.283	0.094	0.080	0.241	0.071
fear	0.273	0.005	0.292	0.115	0.133	0.142	0.040
fear	0.203	0.016	0.259	0.109	0.157	0.208	0.047
fear	0.186	0.010	0.325	0.128	0.110	0.190	0.052
angry	0.273	0.011	0.259	0.107	0.099	0.201	0.049
angry	0.291	0.017	0.236	0.116	0.101	0.186	0.053
fear	0.254	0.026	0.300	0.096	0.096	0.171	0.056
fear	0.229	0.031	0.320	0.072	0.097	0.217	0.035
fear	0.242	0.026	0.290	0.101	0.144	0.146	0.050
fear	0.225	0.012	0.319	0.111	0.112	0.190	0.029
fear	0.215	0.004	0.309	0.124	0.144	0.116	0.087
surprise	0.231	0.003	0.225	0.072	0.083	0.279	0.107
fear	0.225	0.010	0.241	0.096	0.100	0.182	0.146
fear	0.211	0.014	0.262	0.091	0.130	0.149	0.143
angry	0.268	0.051	0.245	0.106	0.116	0.134	0.079
angry	0.317	0.035	0.202	0.138	0.056	0.187	0.064
angry	0.245	0.019	0.203	0.108	0.092	0.214	0.119
angry	0.219	0.014	0.215	0.139	0.087	0.203	0.124
angry	0.385	0.036	0.139	0.200	0.089	0.048	0.102
angry	0.543	0.024	0.098	0.205	0.055	0.017	0.058
angry	0.468	0.039	0.077	0.273	0.047	0.012	0.084
angry	0.504	0.070	0.087	0.140	0.064	0.022	0.112
angry	0.403	0.039	0.119	0.305	0.060	0.023	0.051
angry	0.517	0.062	0.109	0.131	0.075	0.020	0.086
angry	0.407	0.098	0.140	0.139	0.076	0.053	0.087
angry	0.478	0.037	0.089	0.175	0.053	0.027	0.142
angry	0.572	0.016	0.104	0.111	0.066	0.008	0.122
angry	0.431	0.068	0.096	0.162	0.069	0.038	0.136
fear	0.230	0.035	0.307	0.185	0.117	0.078	0.048
angry	0.204	0.204	0.199	0.073	0.189	0.046	0.085
angry	0.310	0.050	0.109	0.213	0.105	0.062	0.151
angry	0.297	0.031	0.111	0.186	0.077	0.096	0.203
happy	0.240	0.038	0.132	0.323	0.059	0.098	0.109
angry	0.323	0.031	0.196	0.142	0.101	0.067	0.141
angry	0.261	0.012	0.130	0.231	0.069	0.116	0.182
angry	0.308	0.031	0.161	0.157	0.118	0.105	0.121
surprise	0.199	0.019	0.181	0.153	0.094	0.201	0.154
surprise	0.231	0.025	0.209	0.104	0.070	0.250	0.111
fear	0.233	0.011	0.289	0.139	0.108	0.106	0.115
happy	0.142	0.001	0.197	0.289	0.242	0.019	0.110
angry	0.366	0.008	0.233	0.082	0.113	0.097	0.102
fear	0.269	0.002	0.320	0.108	0.082	0.118	0.101
fear	0.226	0.001	0.319	0.187	0.064	0.137	0.066
fear	0.275	0.002	0.345	0.088	0.064	0.159	0.068
surprise	0.199	0.001	0.240	0.124	0.049	0.258	0.130
fear	0.233	0.001	0.248	0.125	0.058	0.209	0.126
surprise	0.214	0.001	0.247	0.119	0.036	0.297	0.086
angry	0.279	0.001	0.224	0.118	0.052	0.191	0.135
angry	0.346	0.004	0.319	0.058	0.042	0.168	0.064
surprise	0.193	0.003	0.170	0.205	0.075	0.237	0.118
angry	0.367	0.004	0.237	0.047	0.037	0.266	0.041
surprise	0.155	0.002	0.225	0.183	0.069	0.256	0.110
surprise	0.121	0.003	0.192	0.216	0.062	0.347	0.059
surprise	0.200	0.004	0.278	0.063	0.041	0.322	0.092
surprise	0.133	0.001	0.178	0.218	0.047	0.339	0.083
surprise	0.217	0.002	0.198	0.144	0.063	0.276	0.099
surprise	0.177	0.001	0.217	0.194	0.064	0.261	0.087
fear	0.190	0.003	0.337	0.146	0.044	0.221	0.060
surprise	0.208	0.014	0.237	0.078	0.071	0.324	0.068
surprise	0.169	0.039	0.207	0.100	0.054	0.377	0.054
surprise	0.152	0.034	0.204	0.182	0.071	0.294	0.064
fear	0.212	0.085	0.233	0.104	0.095	0.203	0.067
fear	0.139	0.024	0.265	0.233	0.081	0.223	0.035
angry	0.303	0.041	0.279	0.096	0.102	0.129	0.049
fear	0.177	0.026	0.347	0.185	0.104	0.120	0.041
fear	0.261	0.087	0.289	0.110	0.110	0.097	0.046
fear	0.156	0.018	0.339	0.152	0.110	0.169	0.056
fear	0.136	0.006	0.292	0.285	0.195	0.048	0.038
fear	0.119	0.019	0.430	0.126	0.157	0.106	0.043
