prediction	angry	disgust	fear	happy	sad	surprise	neutral
neutral	0.040	0.000	0.020	0.009	0.140	0.001	0.790
neutral	0.042	0.000	0.034	0.007	0.189	0.001	0.726
neutral	0.043	0.000	0.016	0.005	0.094	0.003	0.839
neutral	0.039	0.000	0.033	0.003	0.133	0.002	0.791
neutral	0.051	0.000	0.026	0.003	0.117	0.004	0.800
neutral	0.041	0.000	0.015	0.005	0.095	0.003	0.842
neutral	0.060	0.000	0.015	0.004	0.134	0.002	0.785
neutral	0.062	0.000	0.014	0.003	0.098	0.003	0.820
neutral	0.044	0.000	0.008	0.005	0.055	0.003	0.885
neutral	0.023	0.000	0.016	0.003	0.109	0.001	0.848
neutral	0.062	0.000	0.008	0.004	0.069	0.002	0.855
neutral	0.094	0.000	0.011	0.005	0.058	0.004	0.828
neutral	0.079	0.000	0.018	0.004	0.103	0.004	0.792
neutral	0.069	0.000	0.021	0.002	0.110	0.003	0.795
neutral	0.081	0.000	0.016	0.003	0.124	0.003	0.772
neutral	0.091	0.000	0.008	0.004	0.041	0.004	0.853
neutral	0.127	0.000	0.011	0.004	0.054	0.005	0.799
neutral	0.059	0.000	0.009	0.005	0.050	0.004	0.873
neutral	0.050	0.000	0.005	0.003	0.042	0.002	0.898
neutral	0.147	0.000	0.015	0.004	0.078	0.007	0.749
neutral	0.068	0.000	0.017	0.003	0.115	0.001	0.796
neutral	0.104	0.000	0.008	0.004	0.047	0.004	0.832
neutral	0.117	0.000	0.012	0.003	0.095	0.003	0.770
neutral	0.062	0.000	0.013	0.002	0.115	0.001	0.805
neutral	0.048	0.000	0.016	0.003	0.198	0.001	0.733
neutral	0.074	0.000	0.014	0.002	0.090	0.001	0.820
neutral	0.111	0.000	0.010	0.004	0.053	0.005	0.816
neutral	0.096	0.000	0.008	0.005	0.067	0.003	0.822
neutral	0.051	0.000	0.014	0.010	0.070	0.004	0.850
neutral	0.116	0.000	0.010	0.005	0.065	0.003	0.802
neutral	0.075	0.000	0.011	0.003	0.080	0.002	0.829
neutral	0.092	0.000	0.012	0.003	0.073	0.002	0.817
neutral	0.080	0.000	0.009	0.002	0.076	0.003	0.830
neutral	0.068	0.000	0.006	0.003	0.036	0.003	0.885
neutral	0.101	0.000	0.011	0.004	0.058	0.006	0.820
neutral	0.082	0.000	0.008	0.002	0.065	0.002	0.842
neutral	0.061	0.000	0.007	0.003	0.056	0.003	0.871
neutral	0.093	0.000	0.007	0.002	0.070	0.002	0.825
neutral	0.107	0.000	0.013	0.003	0.087	0.006	0.784
neutral	0.087	0.000	0.008	0.003	0.049	0.003	0.851
neutral	0.065	0.000	0.021	0.003	0.163	0.002	0.746
neutral	0.115	0.000	0.006	0.003	0.042	0.003	0.831
neutral	0.092	0.000	0.013	0.002	0.085	0.003	0.804
neutral	0.041	0.000	0.015	0.005	0.116	0.002	0.820
neutral	0.098	0.000	0.017	0.003	0.093	0.003	0.786
neutral	0.102	0.000	0.010	0.005	0.061	0.003	0.820
neutral	0.072	0.000	0.014	0.005	0.071	0.003	0.835
neutral	0.060	0.000	0.012	0.007	0.050	0.003	0.868
neutral	0.069	0.000	0.015	0.006	0.062	0.003	0.844
neutral	0.038	0.000	0.022	0.003	0.116	0.002	0.818
neutral	0.033	0.000	0.013	0.005	0.081	0.001	0.867
neutral	0.030	0.000	0.014	0.003	0.088	0.001	0.864
neutral	0.083	0.000	0.008	0.004	0.048	0.004	0.853
neutral	0.073	0.000	0.009	0.004	0.046	0.002	0.866
neutral	0.079	0.000	0.009	0.005	0.057	0.002	0.848
neutral	0.117	0.000	0.009	0.003	0.053	0.001	0.818
neutral	0.041	0.000	0.006	0.007	0.084	0.001	0.860
neutral	0.052	0.000	0.009	0.005	0.088	0.000	0.846
neutral	0.025	0.000	0.008	0.004	0.087	0.001	0.876
neutral	0.056	0.000	0.011	0.004	0.047	0.005	0.877
neutral	0.061	0.000	0.014	0.003	0.059	0.004	0.858
neutral	0.043	0.000	0.020	0.002	0.137	0.002	0.796
neutral	0.032	0.000	0.019	0.004	0.114	0.002	0.829
neutral	0.041	0.000	0.015	0.004	0.126	0.001	0.812
neutral	0.025	0.000	0.009	0.004	0.075	0.001	0.887
neutral	0.052	0.000	0.019	0.008	0.147	0.001	0.772
neutral	0.074	0.000	0.046	0.003	0.221	0.002	0.654
neutral	0.074	0.000	0.020	0.008	0.172	0.002	0.724
neutral	0.072	0.000	0.024	0.006	0.165	0.002	0.731
neutral	0.030	0.000	0.021	0.007	0.111	0.001	0.830
neutral	0.078	0.000	0.025	0.009	0.111	0.002	0.774
neutral	0.083	0.000	0.032	0.006	0.125	0.003	0.750
neutral	0.033	0.000	0.016	0.003	0.179	0.002	0.768
neutral	0.048	0.000	0.011	0.005	0.111	0.001	0.825
neutral	0.064	0.000	0.016	0.008	0.109	0.004	0.800
neutral	0.053	0.000	0.013	0.006	0.061	0.002	0.865
neutral	0.045	0.000	0.023	0.004	0.141	0.001	0.786
neutral	0.062	0.000	0.020	0.008	0.149	0.001	0.759
neutral	0.036	0.000	0.018	0.004	0.112	0.002	0.828
neutral	0.022	0.000	0.019	0.004	0.080	0.001	0.873
neutral	0.042	0.000	0.014	0.003	0.118	0.002	0.821
neutral	0.025	0.000	0.014	0.006	0.073	0.001	0.882
neutral	0.030	0.000	0.013	0.009	0.100	0.001	0.847
neutral	0.025	0.000	0.013	0.007	0.141	0.001	0.813
neutral	0.035	0.000	0.024	0.006	0.157	0.002	0.776
neutral	0.040	0.000	0.016	0.004	0.109	0.003	0.829
neutral	0.029	0.000	0.029	0.009	0.127	0.002	0.804
neutral	0.046	0.000	0.016	0.004	0.093	0.003	0.839
neutral	0.037	0.000	0.014	0.002	0.103	0.002	0.842
neutral	0.018	0.000	0.016	0.004	0.087	0.001	0.874
neutral	0.032	0.000	0.019	0.007	0.140	0.002	0.798
neutral	0.052	0.000	0.024	0.008	0.129	0.003	0.785
neutral	0.059	0.000	0.018	0.004	0.133	0.004	0.783
neutral	0.029	0.000	0.020	0.003	0.129	0.002	0.816
neutral	0.018	0.000	0.012	0.003	0.095	0.001	0.871
neutral	0.039	0.000	0.018	0.003	0.125	0.001	0.813
neutral	0.027	0.000	0.017	0.003	0.111	0.002	0.840
neutral	0.013	0.000	0.014	0.003	0.088	0.001	0.881
neutral	0.043	0.000	0.017	0.004	0.140	0.003	0.793
neutral	0.025	0.000	0.017	0.005	0.099	0.001	0.852
neutral	0.063	0.000	0.019	0.007	0.097	0.007	0.807
neutral	0.072	0.000	0.023	0.004	0.155	0.005	0.741
neutral	0.052	0.000	0.023	0.003	0.091	0.003	0.828
neutral	0.034	0.000	0.018	0.003	0.094	0.002	0.849
neutral	0.061	0.000	0.018	0.003	0.174	0.003	0.741
neutral	0.086	0.000	0.017	0.004	0.096	0.007	0.790
neutral	0.028	0.000	0.018	0.003	0.085	0.002	0.863
neutral	0.037	0.000	0.014	0.003	0.089	0.002	0.855
neutral	0.030	0.000	0.015	0.002	0.098	0.001	0.854
neutral	0.034	0.000	0.014	0.003	0.078	0.003	0.868
neutral	0.024	0.000	0.020	0.005	0.121	0.001	0.830
neutral	0.030	0.000	0.018	0.003	0.108	0.001	0.840
neutral	0.035	0.000	0.027	0.004	0.130	0.002	0.802
neutral	0.037	0.000	0.013	0.004	0.075	0.002	0.868
neutral	0.031	0.000	0.019	0.005	0.125	0.001	0.819
neutral	0.044	0.000	0.015	0.003	0.125	0.001	0.813
neutral	0.028	0.000	0.017	0.002	0.103	0.001	0.850
neutral	0.044	0.000	0.011	0.003	0.065	0.004	0.872
neutral	0.030	0.000	0.018	0.003	0.115	0.001	0.834
neutral	0.027	0.000	0.022	0.002	0.118	0.001	0.830
neutral	0.028	0.000	0.021	0.003	0.094	0.002	0.853
neutral	0.025	0.000	0.021	0.003	0.112	0.001	0.838
neutral	0.027	0.000	0.013	0.003	0.059	0.004	0.893
neutral	0.023	0.000	0.014	0.002	0.082	0.002	0.877
neutral	0.038	0.000	0.013	0.004	0.063	0.005	0.876
neutral	0.044	0.000	0.018	0.004	0.104	0.003	0.828
neutral	0.063	0.000	0.013	0.007	0.067	0.007	0.843
neutral	0.067	0.000	0.028	0.003	0.191	0.003	0.708
neutral	0.063	0.000	0.026	0.003	0.144	0.003	0.760
neutral	0.053	0.000	0.020	0.003	0.124	0.002	0.799
neutral	0.061	0.000	0.023	0.003	0.128	0.009	0.776
neutral	0.084	0.000	0.012	0.002	0.136	0.003	0.762
neutral	0.071	0.000	0.017	0.004	0.102	0.004	0.802
neutral	0.072	0.000	0.021	0.003	0.157	0.006	0.742
neutral	0.030	0.000	0.009	0.005	0.076	0.002	0.878
neutral	0.064	0.000	0.017	0.002	0.143	0.003	0.771
neutral	0.053	0.000	0.012	0.004	0.113	0.003	0.816
neutral	0.024	0.000	0.010	0.003	0.087	0.001	0.875
neutral	0.050	0.000	0.014	0.003	0.071	0.003	0.859
neutral	0.030	0.000	0.011	0.002	0.061	0.002	0.893
neutral	0.032	0.000	0.019	0.002	0.091	0.002	0.854
neutral	0.026	0.000	0.012	0.003	0.055	0.003	0.902
neutral	0.022	0.000	0.016	0.005	0.110	0.001	0.847
neutral	0.033	0.000	0.010	0.003	0.050	0.003	0.901
neutral	0.040	0.000	0.014	0.003	0.063	0.004	0.876
neutral	0.023	0.000	0.016	0.003	0.099	0.001	0.858
neutral	0.029	0.000	0.020	0.003	0.104	0.002	0.843
neutral	0.035	0.000	0.011	0.003	0.045	0.003	0.903
neutral	0.033	0.000	0.019	0.002	0.066	0.004	0.877
neutral	0.034	0.000	0.012	0.002	0.083	0.003	0.867
neutral	0.021	0.000	0.009	0.002	0.045	0.003	0.920
neutral	0.030	0.000	0.011	0.002	0.088	0.002	0.867
neutral	0.024	0.000	0.013	0.002	0.081	0.002	0.878
neutral	0.031	0.000	0.013	0.002	0.088	0.002	0.864
neutral	0.034	0.000	0.011	0.002	0.060	0.003	0.890
neutral	0.042	0.000	0.015	0.002	0.120	0.003	0.817
neutral	0.043	0.000	0.008	0.002	0.044	0.003	0.901
neutral	0.066	0.000	0.009	0.004	0.049	0.004	0.868
neutral	0.079	0.000	0.012	0.004	0.124	0.004	0.777
neutral	0.075	0.000	0.011	0.003	0.114	0.006	0.790
neutral	0.043	0.000	0.015	0.003	0.100	0.004	0.834
neutral	0.052	0.000	0.025	0.003	0.126	0.003	0.791
neutral	0.049	0.000	0.012	0.003	0.093	0.004	0.839
neutral	0.090	0.000	0.015	0.005	0.117	0.004	0.769
neutral	0.045	0.000	0.010	0.002	0.066	0.002	0.875
neutral	0.038	0.000	0.014	0.002	0.071	0.002	0.873
neutral	0.039	0.000	0.014	0.002	0.099	0.002	0.845
neutral	0.034	0.000	0.010	0.003	0.056	0.003	0.893
neutral	0.042	0.000	0.017	0.004	0.112	0.005	0.819
neutral	0.019	0.000	0.012	0.002	0.070	0.001	0.896
neutral	0.030	0.000	0.015	0.002	0.098	0.002	0.853
neutral	0.027	0.000	0.014	0.002	0.082	0.003	0.872
neutral	0.024	0.000	0.011	0.002	0.066	0.002	0.895
neutral	0.034	0.000	0.015	0.002	0.116	0.003	0.830
neutral	0.028	0.000	0.013	0.002	0.088	0.002	0.866
neutral	0.027	0.000	0.010	0.002	0.051	0.003	0.908
neutral	0.044	0.000	0.016	0.002	0.066	0.005	0.867
neutral	0.033	0.000	0.019	0.002	0.086	0.002	0.857
neutral	0.020	0.000	0.012	0.001	0.056	0.002	0.909
neutral	0.033	0.000	0.019	0.001	0.094	0.001	0.851
neutral	0.034	0.000	0.014	0.003	0.063	0.003	0.882
neutral	0.024	0.000	0.008	0.004	0.066	0.002	0.896
neutral	0.020	0.000	0.013	0.002	0.064	0.003	0.897
neutral	0.036	0.000	0.023	0.001	0.095	0.001	0.844
neutral	0.064	0.000	0.023	0.003	0.092	0.003	0.815
neutral	0.042	0.000	0.020	0.004	0.095	0.002	0.837
neutral	0.045	0.000	0.021	0.003	0.092	0.002	0.837
neutral	0.041	0.000	0.022	0.002	0.098	0.001	0.835
neutral	0.024	0.000	0.017	0.002	0.100	0.003	0.855
neutral	0.031	0.000	0.013	0.002	0.060	0.002	0.892
neutral	0.037	0.000	0.022	0.003	0.102	0.005	0.831
neutral	0.041	0.000	0.018	0.001	0.113	0.001	0.826
neutral	0.031	0.000	0.021	0.002	0.120	0.004	0.821
neutral	0.037	0.000	0.014	0.002	0.084	0.002	0.861
neutral	0.038	0.000	0.019	0.001	0.107	0.003	0.831
neutral	0.019	0.000	0.013	0.002	0.077	0.002	0.887
neutral	0.023	0.000	0.009	0.002	0.045	0.003	0.919
neutral	0.027	0.000	0.015	0.002	0.103	0.002	0.850
neutral	0.031	0.000	0.013	0.002	0.079	0.002	0.873
neutral	0.026	0.000	0.017	0.002	0.119	0.002	0.835
neutral	0.033	0.000	0.015	0.002	0.083	0.003	0.863
neutral	0.030	0.000	0.018	0.002	0.116	0.003	0.831
neutral	0.038	0.000	0.013	0.002	0.085	0.003	0.859
neutral	0.036	0.000	0.009	0.002	0.063	0.002	0.888
neutral	0.050	0.000	0.020	0.003	0.146	0.004	0.776
neutral	0.039	0.000	0.021	0.003	0.146	0.003	0.787
neutral	0.028	0.000	0.017	0.002	0.104	0.003	0.846
neutral	0.029	0.000	0.015	0.002	0.087	0.003	0.865
neutral	0.030	0.000	0.014	0.002	0.076	0.004	0.874
neutral	0.033	0.000	0.015	0.003	0.092	0.002	0.855
neutral	0.039	0.000	0.017	0.002	0.087	0.002	0.853
neutral	0.046	0.000	0.019	0.003	0.110	0.003	0.819
neutral	0.063	0.000	0.014	0.003	0.099	0.004	0.816
neutral	0.029	0.000	0.016	0.002	0.113	0.004	0.836
neutral	0.042	0.000	0.018	0.002	0.111	0.004	0.823
neutral	0.067	0.000	0.017	0.003	0.113	0.004	0.796
neutral	0.041	0.000	0.017	0.002	0.125	0.005	0.810
neutral	0.048	0.000	0.012	0.002	0.084	0.003	0.850
neutral	0.030	0.000	0.018	0.004	0.078	0.003	0.867
neutral	0.025	0.000	0.014	0.003	0.083	0.002	0.872
neutral	0.046	0.000	0.022	0.002	0.135	0.005	0.790
neutral	0.048	0.000	0.019	0.002	0.105	0.006	0.820
neutral	0.048	0.000	0.025	0.002	0.113	0.004	0.809
neutral	0.041	0.000	0.021	0.004	0.109	0.006	0.819
neutral	0.053	0.000	0.017	0.002	0.103	0.004	0.821
neutral	0.058	0.000	0.020	0.003	0.184	0.004	0.731
neutral	0.063	0.000	0.013	0.003	0.108	0.005	0.809
neutral	0.052	0.000	0.013	0.003	0.082	0.005	0.845
neutral	0.045	0.000	0.013	0.002	0.084	0.003	0.852
neutral	0.030	0.000	0.018	0.002	0.109	0.004	0.837
neutral	0.030	0.000	0.028	0.003	0.135	0.005	0.799
neutral	0.034	0.000	0.024	0.005	0.172	0.001	0.764
neutral	0.041	0.000	0.026	0.005	0.127	0.004	0.797
neutral	0.044	0.000	0.030	0.008	0.126	0.005	0.787
neutral	0.034	0.000	0.018	0.002	0.074	0.004	0.867
neutral	0.038	0.000	0.019	0.002	0.100	0.006	0.837
neutral	0.041	0.000	0.012	0.002	0.079	0.003	0.863
neutral	0.041	0.000	0.013	0.003	0.096	0.004	0.843
neutral	0.036	0.000	0.015	0.003	0.107	0.005	0.834
neutral	0.047	0.000	0.014	0.002	0.077	0.003	0.856
neutral	0.034	0.000	0.009	0.002	0.096	0.003	0.856
neutral	0.064	0.000	0.019	0.002	0.101	0.004	0.810
neutral	0.037	0.000	0.027	0.004	0.137	0.005	0.790
neutral	0.039	0.000	0.015	0.002	0.075	0.002	0.867
neutral	0.040	0.000	0.016	0.004	0.087	0.005	0.849
neutral	0.042	0.000	0.008	0.003	0.057	0.004	0.887
neutral	0.041	0.000	0.013	0.002	0.091	0.003	0.850
neutral	0.049	0.000	0.012	0.008	0.084	0.005	0.842
neutral	0.036	0.000	0.009	0.008	0.069	0.008	0.870
neutral	0.068	0.000	0.015	0.003	0.095	0.004	0.814
neutral	0.041	0.000	0.010	0.003	0.071	0.004	0.872
neutral	0.047	0.000	0.014	0.003	0.142	0.003	0.791
neutral	0.041	0.000	0.013	0.003	0.112	0.003	0.828
neutral	0.043	0.000	0.015	0.004	0.133	0.005	0.800
neutral	0.039	0.000	0.028	0.004	0.166	0.002	0.761
neutral	0.041	0.000	0.031	0.004	0.141	0.007	0.776
neutral	0.035	0.000	0.020	0.004	0.096	0.005	0.839
neutral	0.034	0.000	0.014	0.002	0.108	0.004	0.838
neutral	0.045	0.000	0.012	0.003	0.082	0.004	0.855
neutral	0.052	0.000	0.019	0.003	0.098	0.007	0.821
neutral	0.035	0.000	0.015	0.002	0.125	0.003	0.820
neutral	0.045	0.000	0.018	0.002	0.103	0.005	0.826
neutral	0.048	0.000	0.013	0.004	0.091	0.003	0.840
neutral	0.042	0.000	0.013	0.002	0.082	0.003	0.858
neutral	0.031	0.000	0.020	0.003	0.099	0.005	0.842
neutral	0.046	0.000	0.035	0.002	0.165	0.006	0.746
neutral	0.044	0.000	0.021	0.002	0.127	0.004	0.801
neutral	0.041	0.000	0.018	0.002	0.161	0.004	0.774
neutral	0.045	0.000	0.019	0.003	0.180	0.004	0.749
neutral	0.065	0.000	0.033	0.005	0.190	0.007	0.701
neutral	0.070	0.000	0.026	0.002	0.198	0.009	0.694
neutral	0.039	0.000	0.016	0.002	0.141	0.003	0.798
neutral	0.041	0.000	0.019	0.002	0.188	0.003	0.747
neutral	0.062	0.000	0.029	0.002	0.244	0.003	0.659
neutral	0.039	0.000	0.028	0.005	0.160	0.003	0.766
neutral	0.034	0.000	0.021	0.002	0.117	0.005	0.820
neutral	0.044	0.000	0.014	0.002	0.123	0.004	0.813
neutral	0.061	0.000	0.017	0.003	0.136	0.004	0.778
neutral	0.070	0.000	0.016	0.004	0.160	0.004	0.746
neutral	0.050	0.000	0.017	0.002	0.117	0.003	0.811
neutral	0.081	0.000	0.016	0.004	0.158	0.004	0.738
neutral	0.058	0.000	0.020	0.002	0.187	0.003	0.730
neutral	0.066	0.000	0.017	0.004	0.155	0.004	0.755
neutral	0.050	0.000	0.019	0.002	0.115	0.004	0.810
neutral	0.054	0.000	0.020	0.005	0.092	0.005	0.824
neutral	0.060	0.000	0.021	0.003	0.113	0.003	0.800
neutral	0.046	0.000	0.033	0.006	0.178	0.004	0.732
neutral	0.039	0.000	0.027	0.005	0.125	0.004	0.800
neutral	0.041	0.000	0.024	0.003	0.111	0.004	0.817
neutral	0.046	0.000	0.020	0.003	0.129	0.006	0.795
neutral	0.047	0.000	0.014	0.004	0.076	0.003	0.856
neutral	0.055	0.000	0.014	0.004	0.097	0.003	0.826
neutral	0.048	0.000	0.015	0.004	0.083	0.003	0.847
neutral	0.060	0.000	0.018	0.003	0.103	0.004	0.812
neutral	0.053	0.000	0.018	0.003	0.092	0.004	0.829
neutral	0.050	0.000	0.026	0.003	0.106	0.005	0.810
neutral	0.040	0.000	0.022	0.002	0.159	0.003	0.774
neutral	0.038	0.000	0.033	0.003	0.132	0.005	0.789
neutral	0.061	0.000	0.036	0.003	0.213	0.004	0.683
neutral	0.038	0.000	0.025	0.002	0.135	0.004	0.796
neutral	0.042	0.000	0.030	0.003	0.128	0.004	0.793
neutral	0.038	0.000	0.024	0.003	0.186	0.001	0.748
neutral	0.047	0.000	0.023	0.003	0.111	0.005	0.810
neutral	0.056	0.000	0.017	0.002	0.122	0.003	0.799
neutral	0.066	0.000	0.018	0.004	0.118	0.007	0.786
neutral	0.058	0.000	0.016	0.004	0.117	0.003	0.802
neutral	0.065	0.000	0.017	0.003	0.106	0.004	0.806
neutral	0.066	0.000	0.017	0.003	0.125	0.003	0.786
neutral	0.054	0.000	0.016	0.003	0.081	0.006	0.841
neutral	0.063	0.000	0.017	0.003	0.192	0.004	0.721
neutral	0.061	0.000	0.017	0.003	0.153	0.004	0.761
neutral	0.044	0.000	0.020	0.004	0.122	0.004	0.807
neutral	0.040	0.000	0.017	0.003	0.127	0.003	0.810
neutral	0.040	0.000	0.026	0.003	0.112	0.004	0.815
neutral	0.052	0.000	0.039	0.004	0.212	0.003	0.690
neutral	0.032	0.000	0.012	0.004	0.087	0.003	0.862
neutral	0.045	0.000	0.016	0.005	0.095	0.003	0.836
neutral	0.050	0.000	0.018	0.003	0.109	0.004	0.815
neutral	0.037	0.000	0.013	0.002	0.106	0.003	0.839
neutral	0.057	0.000	0.013	0.003	0.086	0.004	0.836
neutral	0.064	0.000	0.018	0.004	0.190	0.004	0.720
neutral	0.052	0.000	0.014	0.003	0.105	0.004	0.822
neutral	0.044	0.000	0.019	0.002	0.083	0.005	0.847
neutral	0.051	0.000	0.019	0.003	0.128	0.003	0.796
neutral	0.063	0.000	0.016	0.003	0.078	0.005	0.835
neutral	0.057	0.000	0.038	0.004	0.205	0.004	0.692
neutral	0.046	0.000	0.023	0.004	0.179	0.003	0.744
neutral	0.046	0.000	0.012	0.004	0.080	0.003	0.855
neutral	0.040	0.000	0.023	0.003	0.098	0.005	0.831
neutral	0.038	0.000	0.021	0.004	0.157	0.002	0.777
neutral	0.075	0.000	0.029	0.004	0.142	0.006	0.744
neutral	0.051	0.000	0.026	0.003	0.145	0.004	0.772
neutral	0.047	0.000	0.015	0.002	0.113	0.004	0.819
neutral	0.054	0.000	0.018	0.002	0.110	0.004	0.811
neutral	0.042	0.000	0.014	0.003	0.069	0.005	0.866
neutral	0.036	0.000	0.018	0.002	0.094	0.001	0.848
neutral	0.038	0.000	0.027	0.010	0.092	0.005	0.827
neutral	0.048	0.000	0.020	0.004	0.086	0.005	0.838
neutral	0.043	0.000	0.013	0.004	0.080	0.003	0.857
neutral	0.043	0.000	0.013	0.003	0.074	0.003	0.864
neutral	0.051	0.000	0.017	0.003	0.106	0.005	0.818
neutral	0.033	0.000	0.027	0.003	0.123	0.004	0.810
neutral	0.045	0.000	0.026	0.002	0.248	0.003	0.675
neutral	0.039	0.000	0.020	0.003	0.097	0.004	0.837
neutral	0.047	0.000	0.018	0.002	0.109	0.003	0.821
neutral	0.044	0.000	0.017	0.003	0.104	0.005	0.826
neutral	0.043	0.000	0.012	0.002	0.085	0.004	0.855
neutral	0.040	0.000	0.013	0.002	0.086	0.003	0.856
neutral	0.060	0.000	0.012	0.002	0.103	0.003	0.819
neutral	0.050	0.000	0.021	0.004	0.109	0.005	0.812
neutral	0.049	0.000	0.026	0.005	0.175	0.005	0.739
neutral	0.052	0.000	0.018	0.003	0.112	0.003	0.811
neutral	0.025	0.000	0.017	0.002	0.087	0.003	0.866
neutral	0.040	0.000	0.022	0.004	0.096	0.005	0.834
neutral	0.062	0.000	0.028	0.005	0.178	0.004	0.722
neutral	0.034	0.000	0.018	0.002	0.087	0.004	0.855
neutral	0.036	0.000	0.023	0.003	0.093	0.004	0.840
neutral	0.028	0.000	0.021	0.002	0.130	0.003	0.817
neutral	0.043	0.000	0.026	0.001	0.144	0.004	0.781
neutral	0.036	0.000	0.018	0.004	0.120	0.003	0.820
neutral	0.027	0.000	0.015	0.002	0.061	0.003	0.893
neutral	0.048	0.000	0.030	0.002	0.171	0.003	0.747
neutral	0.032	0.000	0.031	0.003	0.142	0.004	0.788
neutral	0.046	0.000	0.039	0.004	0.178	0.003	0.731
neutral	0.047	0.000	0.027	0.005	0.180	0.003	0.738
neutral	0.035	0.000	0.019	0.003	0.117	0.003	0.823
neutral	0.046	0.000	0.029	0.004	0.159	0.006	0.756
neutral	0.024	0.000	0.021	0.005	0.125	0.001	0.825
neutral	0.042	0.000	0.039	0.005	0.161	0.004	0.749
neutral	0.033	0.000	0.020	0.004	0.093	0.002	0.847
neutral	0.039	0.000	0.019	0.003	0.117	0.004	0.817
neutral	0.051	0.000	0.025	0.003	0.136	0.004	0.780
neutral	0.035	0.000	0.023	0.003	0.092	0.004	0.842
neutral	0.048	0.000	0.047	0.003	0.172	0.007	0.723
neutral	0.035	0.000	0.021	0.003	0.126	0.004	0.811
neutral	0.053	0.000	0.025	0.003	0.116	0.005	0.798
neutral	0.043	0.000	0.022	0.003	0.125	0.005	0.803
neutral	0.031	0.000	0.022	0.002	0.090	0.004	0.852
neutral	0.032	0.000	0.023	0.003	0.125	0.003	0.814
neutral	0.061	0.000	0.031	0.005	0.177	0.003	0.723
neutral	0.063	0.000	0.046	0.006	0.155	0.006	0.724
neutral	0.030	0.000	0.022	0.001	0.137	0.002	0.808
neutral	0.037	0.000	0.020	0.004	0.136	0.002	0.801
neutral	0.036	0.000	0.013	0.004	0.072	0.004	0.871
neutral	0.043	0.000	0.011	0.004	0.079	0.003	0.860
neutral	0.055	0.000	0.017	0.002	0.100	0.004	0.822
neutral	0.064	0.000	0.017	0.004	0.150	0.004	0.761
neutral	0.063	0.000	0.024	0.003	0.146	0.004	0.760
neutral	0.031	0.000	0.010	0.005	0.077	0.002	0.876
neutral	0.035	0.000	0.019	0.002	0.078	0.004	0.863
neutral	0.043	0.000	0.021	0.003	0.095	0.004	0.834
neutral	0.038	0.000	0.032	0.002	0.104	0.006	0.818
neutral	0.049	0.000	0.027	0.003	0.149	0.002	0.770
neutral	0.045	0.000	0.027	0.003	0.168	0.003	0.754
neutral	0.039	0.000	0.020	0.002	0.127	0.002	0.810
neutral	0.037	0.000	0.027	0.002	0.146	0.003	0.785
neutral	0.049	0.000	0.034	0.003	0.154	0.005	0.755
neutral	0.034	0.000	0.024	0.002	0.123	0.002	0.814
neutral	0.029	0.000	0.027	0.003	0.146	0.001	0.794
neutral	0.044	0.000	0.031	0.004	0.172	0.004	0.745
neutral	0.021	0.000	0.024	0.003	0.140	0.001	0.810
neutral	0.064	0.000	0.048	0.006	0.196	0.005	0.681
neutral	0.036	0.000	0.022	0.004	0.114	0.003	0.820
neutral	0.040	0.000	0.023	0.004	0.103	0.004	0.826
neutral	0.047	0.000	0.026	0.002	0.211	0.003	0.711
neutral	0.032	0.000	0.020	0.002	0.162	0.002	0.781
neutral	0.054	0.000	0.045	0.005	0.214	0.003	0.679
neutral	0.036	0.000	0.021	0.002	0.102	0.004	0.835
neutral	0.051	0.000	0.037	0.003	0.213	0.003	0.692
neutral	0.045	0.000	0.036	0.003	0.149	0.004	0.764
neutral	0.069	0.000	0.044	0.005	0.187	0.005	0.690
neutral	0.031	0.000	0.015	0.002	0.091	0.003	0.857
neutral	0.051	0.000	0.015	0.003	0.098	0.003	0.830
neutral	0.028	0.000	0.013	0.002	0.079	0.004	0.874
neutral	0.048	0.000	0.012	0.003	0.119	0.001	0.817
neutral	0.038	0.000	0.010	0.004	0.054	0.004	0.891
neutral	0.068	0.000	0.017	0.002	0.127	0.008	0.778
neutral	0.044	0.000	0.016	0.001	0.085	0.007	0.846
neutral	0.072	0.000	0.015	0.002	0.064	0.010	0.837
neutral	0.053	0.000	0.011	0.003	0.069	0.006	0.859
neutral	0.052	0.000	0.048	0.004	0.155	0.004	0.738
neutral	0.027	0.000	0.022	0.002	0.094	0.005	0.849
neutral	0.035	0.000	0.024	0.002	0.113	0.004	0.822
neutral	0.025	0.000	0.019	0.002	0.110	0.003	0.840
neutral	0.053	0.000	0.035	0.004	0.131	0.007	0.771
neutral	0.027	0.000	0.020	0.003	0.077	0.003	0.870
neutral	0.030	0.000	0.022	0.002	0.110	0.005	0.830
neutral	0.047	0.000	0.030	0.004	0.126	0.005	0.788
neutral	0.039	0.000	0.023	0.001	0.182	0.004	0.750
neutral	0.032	0.000	0.024	0.001	0.175	0.003	0.764
neutral	0.039	0.000	0.028	0.005	0.122	0.003	0.802
neutral	0.035	0.000	0.027	0.002	0.182	0.002	0.752
neutral	0.069	0.000	0.029	0.002	0.227	0.005	0.668
neutral	0.034	0.000	0.025	0.001	0.125	0.004	0.810
neutral	0.034	0.000	0.020	0.002	0.113	0.003	0.827
neutral	0.052	0.000	0.035	0.004	0.173	0.004	0.732
neutral	0.023	0.000	0.020	0.002	0.083	0.004	0.869
neutral	0.056	0.000	0.062	0.006	0.310	0.001	0.565
neutral	0.030	0.000	0.015	0.004	0.107	0.001	0.843
neutral	0.056	0.000	0.068	0.005	0.291	0.002	0.579
neutral	0.036	0.000	0.033	0.004	0.097	0.005	0.826
neutral	0.020	0.000	0.016	0.002	0.084	0.003	0.876
neutral	0.042	0.000	0.037	0.005	0.111	0.006	0.799
neutral	0.018	0.000	0.014	0.002	0.068	0.003	0.894
neutral	0.036	0.000	0.022	0.002	0.185	0.003	0.753
neutral	0.057	0.000	0.036	0.002	0.206	0.006	0.692
neutral	0.029	0.000	0.023	0.002	0.119	0.003	0.824
neutral	0.044	0.000	0.029	0.003	0.133	0.004	0.786
neutral	0.041	0.000	0.029	0.002	0.170	0.003	0.754
neutral	0.038	0.000	0.023	0.002	0.169	0.003	0.765
neutral	0.030	0.000	0.032	0.006	0.192	0.002	0.738
neutral	0.053	0.000	0.031	0.003	0.166	0.003	0.744
neutral	0.026	0.000	0.024	0.003	0.102	0.005	0.840
neutral	0.046	0.000	0.037	0.002	0.189	0.004	0.722
neutral	0.029	0.000	0.028	0.002	0.127	0.005	0.810
neutral	0.042	0.000	0.029	0.001	0.148	0.004	0.776
neutral	0.072	0.000	0.035	0.001	0.204	0.004	0.683
neutral	0.029	0.000	0.024	0.002	0.114	0.006	0.824
neutral	0.022	0.000	0.021	0.002	0.098	0.004	0.851
neutral	0.029	0.000	0.019	0.002	0.109	0.003	0.838
neutral	0.035	0.000	0.024	0.002	0.128	0.004	0.806
neutral	0.035	0.000	0.024	0.004	0.099	0.003	0.836
neutral	0.034	0.000	0.025	0.002	0.118	0.005	0.816
neutral	0.055	0.000	0.053	0.006	0.182	0.003	0.701
neutral	0.045	0.000	0.027	0.003	0.169	0.002	0.754
neutral	0.046	0.000	0.048	0.006	0.171	0.003	0.726
neutral	0.037	0.000	0.025	0.007	0.116	0.004	0.810
neutral	0.036	0.000	0.026	0.002	0.142	0.002	0.793
neutral	0.065	0.000	0.025	0.013	0.134	0.005	0.758
neutral	0.040	0.000	0.028	0.004	0.158	0.002	0.768
neutral	0.051	0.000	0.043	0.006	0.136	0.007	0.757
neutral	0.024	0.000	0.018	0.001	0.099	0.002	0.856
neutral	0.022	0.000	0.018	0.002	0.099	0.004	0.854
neutral	0.039	0.000	0.023	0.004	0.119	0.003	0.813
neutral	0.038	0.000	0.022	0.004	0.124	0.001	0.811
neutral	0.039	0.000	0.029	0.004	0.121	0.004	0.803
neutral	0.059	0.000	0.043	0.004	0.137	0.007	0.750
neutral	0.037	0.000	0.023	0.001	0.177	0.002	0.760
neutral	0.035	0.000	0.028	0.001	0.186	0.003	0.747
neutral	0.039	0.000	0.036	0.002	0.149	0.004	0.769
neutral	0.036	0.000	0.029	0.002	0.132	0.003	0.797
neutral	0.042	0.000	0.030	0.002	0.180	0.003	0.744
neutral	0.037	0.000	0.029	0.004	0.136	0.006	0.788
neutral	0.042	0.000	0.030	0.003	0.145	0.004	0.776
neutral	0.020	0.000	0.021	0.003	0.150	0.001	0.805
neutral	0.037	0.000	0.023	0.002	0.156	0.003	0.779
neutral	0.032	0.000	0.030	0.003	0.098	0.005	0.831
neutral	0.037	0.000	0.033	0.001	0.225	0.002	0.701
neutral	0.041	0.000	0.026	0.002	0.190	0.002	0.740
neutral	0.032	0.000	0.028	0.002	0.118	0.004	0.816
neutral	0.046	0.000	0.026	0.004	0.122	0.004	0.798
neutral	0.048	0.000	0.028	0.004	0.132	0.003	0.786
neutral	0.046	0.000	0.031	0.001	0.207	0.004	0.711
neutral	0.043	0.000	0.028	0.004	0.147	0.004	0.775
neutral	0.047	0.000	0.028	0.003	0.143	0.003	0.775
neutral	0.027	0.000	0.024	0.005	0.130	0.002	0.812
neutral	0.023	0.000	0.026	0.003	0.104	0.004	0.841
neutral	0.040	0.000	0.031	0.002	0.206	0.003	0.718
neutral	0.036	0.000	0.031	0.002	0.224	0.002	0.705
neutral	0.045	0.000	0.026	0.002	0.136	0.006	0.785
neutral	0.051	0.000	0.025	0.005	0.148	0.001	0.769
neutral	0.038	0.000	0.021	0.009	0.172	0.001	0.759
neutral	0.042	0.000	0.034	0.003	0.168	0.004	0.750
neutral	0.022	0.000	0.018	0.005	0.084	0.002	0.870
neutral	0.056	0.000	0.064	0.005	0.263	0.002	0.610
neutral	0.043	0.000	0.029	0.003	0.129	0.004	0.792
neutral	0.067	0.000	0.058	0.004	0.197	0.003	0.670
neutral	0.056	0.000	0.051	0.006	0.204	0.003	0.680
neutral	0.049	0.000	0.055	0.006	0.162	0.004	0.724
neutral	0.053	0.000	0.062	0.005	0.241	0.003	0.636
neutral	0.047	0.000	0.041	0.005	0.213	0.002	0.691
neutral	0.041	0.000	0.027	0.006	0.178	0.001	0.747
neutral	0.081	0.000	0.047	0.004	0.227	0.002	0.639
neutral	0.043	0.000	0.026	0.005	0.134	0.001	0.791
neutral	0.035	0.000	0.021	0.005	0.092	0.002	0.845
neutral	0.027	0.000	0.019	0.004	0.075	0.003	0.873
neutral	0.055	0.000	0.044	0.005	0.142	0.003	0.750
neutral	0.028	0.000	0.028	0.002	0.101	0.005	0.835
neutral	0.043	0.000	0.027	0.005	0.169	0.001	0.755
neutral	0.033	0.000	0.024	0.004	0.199	0.001	0.740
neutral	0.029	0.000	0.015	0.003	0.145	0.002	0.807
neutral	0.028	0.000	0.022	0.002	0.129	0.003	0.816
neutral	0.058	0.000	0.025	0.003	0.189	0.003	0.723
neutral	0.032	0.000	0.017	0.005	0.069	0.002	0.876
neutral	0.039	0.000	0.028	0.003	0.150	0.004	0.776
neutral	0.039	0.000	0.025	0.005	0.100	0.002	0.829
neutral	0.057	0.000	0.035	0.004	0.133	0.003	0.768
neutral	0.023	0.000	0.014	0.002	0.082	0.003	0.876
neutral	0.023	0.000	0.017	0.002	0.087	0.003	0.867
neutral	0.035	0.000	0.021	0.003	0.104	0.002	0.835
neutral	0.036	0.000	0.023	0.004	0.097	0.003	0.837
neutral	0.033	0.000	0.021	0.007	0.104	0.002	0.833
neutral	0.044	0.000	0.019	0.005	0.121	0.003	0.807
neutral	0.027	0.000	0.016	0.002	0.076	0.002	0.876
neutral	0.034	0.000	0.015	0.003	0.080	0.002	0.866
neutral	0.025	0.000	0.023	0.003	0.093	0.003	0.852
neutral	0.043	0.000	0.025	0.002	0.202	0.002	0.726
neutral	0.078	0.000	0.043	0.004	0.151	0.004	0.720
neutral	0.069	0.000	0.034	0.005	0.150	0.002	0.739
neutral	0.084	0.000	0.041	0.003	0.210	0.002	0.659
neutral	0.082	0.000	0.043	0.004	0.149	0.005	0.717
neutral	0.035	0.000	0.020	0.002	0.101	0.003	0.839
neutral	0.028	0.000	0.012	0.005	0.072	0.001	0.882
neutral	0.073	0.000	0.050	0.003	0.224	0.002	0.648
neutral	0.078	0.000	0.050	0.005	0.207	0.003	0.658
neutral	0.054	0.000	0.025	0.005	0.139	0.001	0.776
neutral	0.062	0.000	0.023	0.004	0.136	0.001	0.773
neutral	0.047	0.000	0.030	0.005	0.176	0.002	0.740
neutral	0.062	0.000	0.053	0.005	0.232	0.002	0.646
neutral	0.047	0.000	0.057	0.005	0.193	0.002	0.696
neutral	0.068	0.000	0.040	0.005	0.181	0.002	0.705
neutral	0.052	0.000	0.027	0.002	0.116	0.003	0.799
neutral	0.043	0.000	0.017	0.004	0.163	0.001	0.773
neutral	0.027	0.000	0.012	0.002	0.074	0.002	0.883
neutral	0.037	0.000	0.022	0.002	0.102	0.003	0.834
neutral	0.062	0.000	0.021	0.002	0.154	0.003	0.759
neutral	0.034	0.000	0.018	0.002	0.089	0.003	0.854
neutral	0.047	0.000	0.030	0.003	0.138	0.003	0.780
neutral	0.035	0.000	0.017	0.002	0.127	0.003	0.817
neutral	0.041	0.000	0.016	0.005	0.084	0.003	0.852
neutral	0.051	0.000	0.022	0.002	0.168	0.004	0.754
neutral	0.032	0.000	0.020	0.002	0.120	0.004	0.821
neutral	0.044	0.000	0.021	0.002	0.105	0.004	0.826
neutral	0.069	0.000	0.036	0.003	0.223	0.001	0.668
neutral	0.043	0.000	0.016	0.002	0.098	0.004	0.837
neutral	0.059	0.000	0.026	0.003	0.135	0.002	0.775
neutral	0.047	0.000	0.020	0.001	0.163	0.003	0.766
neutral	0.037	0.000	0.022	0.003	0.123	0.003	0.813
neutral	0.049	0.000	0.027	0.005	0.113	0.002	0.805
neutral	0.054	0.000	0.025	0.002	0.128	0.002	0.790
neutral	0.050	0.000	0.024	0.005	0.153	0.002	0.765
neutral	0.038	0.000	0.023	0.004	0.134	0.001	0.800
neutral	0.066	0.000	0.052	0.004	0.224	0.002	0.652
neutral	0.040	0.000	0.024	0.002	0.140	0.003	0.791
neutral	0.037	0.000	0.022	0.002	0.161	0.002	0.777
neutral	0.031	0.000	0.014	0.002	0.073	0.003	0.877
neutral	0.039	0.000	0.014	0.002	0.079	0.004	0.862
neutral	0.043	0.000	0.016	0.001	0.155	0.003	0.782
neutral	0.062	0.000	0.020	0.004	0.119	0.002	0.793
neutral	0.044	0.000	0.016	0.001	0.100	0.003	0.835
neutral	0.054	0.000	0.018	0.004	0.114	0.002	0.808
neutral	0.049	0.000	0.014	0.002	0.077	0.003	0.855
neutral	0.065	0.000	0.021	0.004	0.127	0.002	0.782
neutral	0.074	0.000	0.024	0.004	0.125	0.002	0.771
neutral	0.077	0.000	0.015	0.004	0.130	0.002	0.772
neutral	0.047	0.000	0.018	0.004	0.105	0.003	0.823
neutral	0.059	0.000	0.043	0.005	0.214	0.002	0.677
neutral	0.102	0.000	0.032	0.005	0.203	0.002	0.656
neutral	0.070	0.000	0.032	0.003	0.160	0.003	0.733
neutral	0.065	0.000	0.023	0.002	0.093	0.003	0.813
neutral	0.049	0.000	0.013	0.003	0.097	0.003	0.835
neutral	0.070	0.000	0.023	0.002	0.119	0.003	0.783
neutral	0.062	0.000	0.020	0.002	0.129	0.004	0.783
neutral	0.046	0.000	0.017	0.004	0.121	0.005	0.807
neutral	0.047	0.000	0.017	0.004	0.150	0.001	0.781
neutral	0.041	0.000	0.016	0.005	0.150	0.002	0.786
neutral	0.038	0.000	0.016	0.005	0.118	0.003	0.821
neutral	0.036	0.000	0.017	0.004	0.134	0.001	0.807
neutral	0.035	0.000	0.014	0.005	0.056	0.003	0.886
neutral	0.047	0.000	0.023	0.003	0.154	0.004	0.769
neutral	0.028	0.000	0.014	0.005	0.092	0.001	0.861
neutral	0.030	0.000	0.018	0.003	0.093	0.004	0.851
neutral	0.029	0.000	0.013	0.003	0.079	0.003	0.873
neutral	0.047	0.000	0.032	0.004	0.196	0.003	0.717
neutral	0.056	0.000	0.023	0.006	0.126	0.005	0.783
neutral	0.046	0.000	0.020	0.004	0.108	0.003	0.819
neutral	0.044	0.000	0.016	0.005	0.065	0.003	0.867
neutral	0.040	0.000	0.011	0.005	0.052	0.003	0.889
neutral	0.054	0.000	0.015	0.003	0.114	0.001	0.812
neutral	0.057	0.000	0.018	0.003	0.119	0.004	0.800
neutral	0.048	0.000	0.017	0.004	0.110	0.001	0.819
neutral	0.060	0.000	0.018	0.004	0.165	0.002	0.750
neutral	0.076	0.000	0.031	0.002	0.174	0.003	0.714
neutral	0.044	0.000	0.020	0.003	0.141	0.003	0.788
neutral	0.052	0.000	0.016	0.004	0.106	0.002	0.819
neutral	0.031	0.000	0.015	0.002	0.077	0.003	0.873
neutral	0.068	0.000	0.036	0.004	0.207	0.003	0.682
neutral	0.037	0.000	0.034	0.006	0.240	0.001	0.682
neutral	0.041	0.000	0.035	0.007	0.158	0.002	0.757
neutral	0.048	0.000	0.026	0.004	0.129	0.002	0.791
neutral	0.037	0.000	0.020	0.003	0.129	0.001	0.810
neutral	0.043	0.000	0.023	0.003	0.133	0.001	0.798
neutral	0.046	0.000	0.037	0.004	0.151	0.002	0.760
neutral	0.041	0.000	0.041	0.005	0.170	0.002	0.742
neutral	0.072	0.000	0.041	0.004	0.165	0.003	0.715
neutral	0.033	0.000	0.020	0.002	0.165	0.001	0.778
neutral	0.030	0.000	0.019	0.002	0.150	0.002	0.797
neutral	0.056	0.000	0.021	0.003	0.164	0.002	0.755
neutral	0.038	0.000	0.022	0.002	0.098	0.003	0.838
neutral	0.027	0.000	0.020	0.004	0.118	0.002	0.829
neutral	0.046	0.000	0.022	0.007	0.146	0.002	0.776
neutral	0.035	0.000	0.020	0.003	0.144	0.002	0.796
neutral	0.037	0.000	0.034	0.003	0.175	0.002	0.749
neutral	0.043	0.000	0.024	0.005	0.151	0.001	0.775
neutral	0.041	0.000	0.027	0.003	0.135	0.003	0.792
neutral	0.056	0.000	0.029	0.004	0.188	0.003	0.720
neutral	0.041	0.000	0.027	0.002	0.176	0.003	0.752
neutral	0.025	0.000	0.023	0.004	0.170	0.003	0.775
neutral	0.049	0.000	0.028	0.003	0.122	0.002	0.797
neutral	0.035	0.000	0.019	0.001	0.123	0.002	0.820
neutral	0.040	0.000	0.012	0.001	0.082	0.003	0.862
neutral	0.049	0.000	0.015	0.002	0.106	0.002	0.825
neutral	0.052	0.000	0.013	0.002	0.087	0.001	0.845
neutral	0.084	0.000	0.012	0.005	0.138	0.002	0.759
neutral	0.041	0.000	0.042	0.010	0.132	0.003	0.773
neutral	0.067	0.000	0.053	0.004	0.168	0.002	0.706
neutral	0.047	0.000	0.036	0.004	0.119	0.003	0.792
neutral	0.081	0.000	0.048	0.005	0.225	0.002	0.638
neutral	0.036	0.000	0.036	0.008	0.219	0.002	0.699
neutral	0.057	0.000	0.063	0.006	0.190	0.004	0.680
neutral	0.046	0.000	0.047	0.004	0.234	0.004	0.664
neutral	0.044	0.000	0.013	0.003	0.080	0.002	0.858
neutral	0.055	0.000	0.018	0.003	0.130	0.002	0.792
neutral	0.050	0.000	0.010	0.004	0.141	0.001	0.794
neutral	0.064	0.000	0.017	0.005	0.152	0.003	0.760
neutral	0.072	0.000	0.012	0.004	0.171	0.002	0.739
neutral	0.045	0.000	0.020	0.003	0.135	0.002	0.794
neutral	0.038	0.000	0.016	0.003	0.093	0.001	0.849
neutral	0.060	0.000	0.028	0.004	0.182	0.002	0.724
neutral	0.105	0.000	0.032	0.007	0.178	0.002	0.676
neutral	0.061	0.000	0.018	0.002	0.137	0.003	0.779
neutral	0.049	0.000	0.017	0.002	0.095	0.004	0.833
neutral	0.076	0.000	0.018	0.005	0.124	0.002	0.776
neutral	0.063	0.000	0.028	0.003	0.124	0.002	0.780
neutral	0.074	0.000	0.061	0.005	0.250	0.003	0.606
neutral	0.037	0.000	0.026	0.002	0.127	0.003	0.805
neutral	0.063	0.000	0.021	0.004	0.147	0.002	0.763
neutral	0.071	0.000	0.028	0.003	0.131	0.002	0.764
neutral	0.055	0.000	0.022	0.003	0.117	0.002	0.801
neutral	0.050	0.000	0.024	0.003	0.129	0.002	0.792
neutral	0.049	0.000	0.021	0.005	0.078	0.001	0.847
neutral	0.042	0.000	0.037	0.007	0.182	0.002	0.730
neutral	0.036	0.000	0.041	0.004	0.134	0.003	0.782
neutral	0.038	0.000	0.023	0.004	0.088	0.002	0.844
neutral	0.042	0.000	0.023	0.003	0.115	0.002	0.815
neutral	0.068	0.000	0.034	0.004	0.142	0.002	0.750
neutral	0.073	0.000	0.028	0.004	0.137	0.003	0.756
neutral	0.052	0.000	0.016	0.004	0.089	0.002	0.837
neutral	0.072	0.000	0.027	0.005	0.143	0.003	0.750
neutral	0.063	0.000	0.035	0.003	0.171	0.003	0.725
neutral	0.045	0.000	0.014	0.005	0.131	0.001	0.803
neutral	0.057	0.000	0.038	0.004	0.226	0.003	0.672
neutral	0.038	0.000	0.022	0.004	0.137	0.001	0.798
neutral	0.044	0.000	0.030	0.004	0.137	0.003	0.782
neutral	0.044	0.000	0.023	0.006	0.182	0.002	0.743
neutral	0.027	0.000	0.012	0.005	0.068	0.001	0.888
neutral	0.045	0.000	0.017	0.006	0.121	0.001	0.810
neutral	0.043	0.000	0.015	0.003	0.108	0.001	0.830
neutral	0.052	0.000	0.030	0.003	0.140	0.002	0.773
neutral	0.061	0.000	0.027	0.003	0.130	0.003	0.777
neutral	0.079	0.000	0.041	0.005	0.165	0.003	0.708
neutral	0.025	0.000	0.025	0.003	0.128	0.002	0.818
neutral	0.054	0.000	0.061	0.005	0.238	0.003	0.638
neutral	0.058	0.000	0.039	0.004	0.153	0.003	0.742
neutral	0.088	0.000	0.045	0.005	0.175	0.003	0.684
neutral	0.033	0.000	0.023	0.006	0.160	0.001	0.777
neutral	0.049	0.000	0.026	0.005	0.226	0.002	0.692
neutral	0.064	0.000	0.020	0.005	0.150	0.002	0.759
neutral	0.095	0.000	0.045	0.005	0.183	0.004	0.668
neutral	0.032	0.000	0.026	0.007	0.146	0.001	0.787
neutral	0.042	0.000	0.032	0.005	0.144	0.002	0.777
neutral	0.052	0.000	0.023	0.005	0.119	0.002	0.800
neutral	0.072	0.000	0.035	0.004	0.138	0.003	0.748
neutral	0.054	0.000	0.016	0.006	0.099	0.001	0.823
neutral	0.052	0.000	0.017	0.006	0.106	0.002	0.817
neutral	0.084	0.000	0.034	0.003	0.212	0.003	0.663
neutral	0.054	0.000	0.032	0.003	0.130	0.003	0.778
neutral	0.050	0.000	0.037	0.005	0.186	0.003	0.719
neutral	0.050	0.000	0.032	0.004	0.172	0.001	0.741
neutral	0.058	0.000	0.022	0.005	0.149	0.002	0.764
neutral	0.065	0.000	0.029	0.002	0.136	0.004	0.763
neutral	0.042	0.000	0.030	0.009	0.160	0.002	0.757
neutral	0.055	0.000	0.035	0.003	0.160	0.003	0.743
neutral	0.061	0.000	0.042	0.004	0.188	0.004	0.702
neutral	0.055	0.000	0.031	0.004	0.148	0.003	0.759
neutral	0.068	0.000	0.029	0.004	0.149	0.002	0.748
neutral	0.046	0.000	0.022	0.006	0.128	0.002	0.796
neutral	0.025	0.000	0.023	0.003	0.185	0.001	0.762
neutral	0.045	0.000	0.034	0.006	0.160	0.002	0.753
neutral	0.038	0.000	0.024	0.003	0.166	0.002	0.767
neutral	0.049	0.000	0.047	0.006	0.153	0.004	0.741
neutral	0.037	0.000	0.046	0.005	0.197	0.002	0.713
neutral	0.046	0.000	0.030	0.004	0.191	0.001	0.728
neutral	0.055	0.000	0.048	0.004	0.193	0.002	0.697
neutral	0.052	0.000	0.036	0.005	0.149	0.004	0.753
neutral	0.036	0.000	0.031	0.004	0.121	0.003	0.805
neutral	0.039	0.000	0.021	0.002	0.118	0.002	0.818
neutral	0.041	0.000	0.030	0.003	0.155	0.003	0.768
neutral	0.039	0.000	0.032	0.003	0.121	0.002	0.803
neutral	0.062	0.000	0.066	0.006	0.197	0.006	0.664
neutral	0.053	0.000	0.024	0.005	0.200	0.002	0.715
neutral	0.044	0.000	0.024	0.004	0.123	0.002	0.803
neutral	0.050	0.000	0.040	0.004	0.195	0.002	0.710
neutral	0.042	0.000	0.035	0.005	0.219	0.002	0.697
neutral	0.056	0.000	0.038	0.004	0.172	0.003	0.727
neutral	0.072	0.000	0.058	0.005	0.240	0.006	0.619
neutral	0.051	0.000	0.027	0.005	0.141	0.002	0.774
neutral	0.045	0.000	0.060	0.007	0.221	0.006	0.662
neutral	0.033	0.000	0.019	0.002	0.106	0.002	0.837
neutral	0.042	0.000	0.025	0.004	0.154	0.002	0.774
neutral	0.039	0.000	0.024	0.003	0.110	0.003	0.821
neutral	0.033	0.000	0.024	0.002	0.131	0.003	0.807
neutral	0.045	0.000	0.024	0.004	0.205	0.002	0.720
neutral	0.043	0.000	0.058	0.004	0.192	0.006	0.697
neutral	0.032	0.000	0.030	0.004	0.141	0.002	0.792
neutral	0.034	0.000	0.022	0.004	0.112	0.002	0.825
neutral	0.054	0.000	0.029	0.003	0.143	0.004	0.767
neutral	0.049	0.000	0.033	0.004	0.120	0.002	0.792
neutral	0.058	0.000	0.046	0.004	0.173	0.003	0.716
neutral	0.052	0.000	0.026	0.003	0.152	0.002	0.766
neutral	0.042	0.000	0.022	0.003	0.114	0.002	0.817
neutral	0.054	0.000	0.019	0.005	0.132	0.002	0.788
neutral	0.050	0.000	0.032	0.003	0.162	0.002	0.752
neutral	0.043	0.000	0.021	0.005	0.114	0.001	0.817
neutral	0.044	0.000	0.040	0.005	0.145	0.003	0.763
neutral	0.035	0.000	0.038	0.004	0.159	0.002	0.761
neutral	0.048	0.000	0.037	0.003	0.149	0.002	0.760
neutral	0.043	0.000	0.039	0.003	0.226	0.003	0.686
neutral	0.052	0.000	0.027	0.006	0.227	0.003	0.685
neutral	0.049	0.000	0.037	0.004	0.240	0.002	0.668
neutral	0.037	0.000	0.018	0.005	0.129	0.001	0.809
neutral	0.060	0.000	0.018	0.005	0.199	0.002	0.716
neutral	0.054	0.000	0.030	0.011	0.223	0.002	0.680
neutral	0.049	0.000	0.065	0.004	0.218	0.004	0.660
neutral	0.031	0.000	0.048	0.004	0.197	0.002	0.718
neutral	0.049	0.000	0.029	0.003	0.199	0.002	0.719
neutral	0.047	0.000	0.034	0.003	0.196	0.002	0.718
neutral	0.041	0.000	0.017	0.004	0.097	0.002	0.839
neutral	0.048	0.000	0.018	0.006	0.092	0.001	0.834
neutral	0.081	0.000	0.024	0.006	0.193	0.002	0.694
neutral	0.055	0.000	0.020	0.003	0.167	0.002	0.753
neutral	0.053	0.000	0.027	0.004	0.134	0.002	0.780
neutral	0.029	0.000	0.026	0.006	0.126	0.001	0.811
neutral	0.044	0.000	0.022	0.003	0.180	0.001	0.750
neutral	0.046	0.000	0.030	0.006	0.147	0.002	0.770
neutral	0.034	0.000	0.033	0.003	0.157	0.002	0.772
neutral	0.040	0.000	0.030	0.008	0.113	0.003	0.806
neutral	0.038	0.000	0.032	0.004	0.176	0.001	0.748
neutral	0.057	0.000	0.045	0.006	0.179	0.002	0.711
neutral	0.063	0.000	0.054	0.005	0.191	0.003	0.684
neutral	0.046	0.000	0.040	0.003	0.226	0.003	0.682
neutral	0.068	0.000	0.021	0.008	0.161	0.001	0.741
neutral	0.057	0.000	0.038	0.002	0.195	0.004	0.704
neutral	0.051	0.000	0.045	0.003	0.172	0.003	0.727
neutral	0.044	0.000	0.019	0.006	0.174	0.002	0.754
neutral	0.043	0.000	0.053	0.004	0.205	0.003	0.692
neutral	0.039	0.000	0.035	0.005	0.170	0.002	0.749
neutral	0.053	0.000	0.035	0.002	0.198	0.002	0.711
neutral	0.051	0.000	0.071	0.004	0.248	0.004	0.622
neutral	0.045	0.000	0.026	0.003	0.181	0.002	0.743
neutral	0.048	0.000	0.034	0.002	0.180	0.001	0.735
neutral	0.052	0.000	0.025	0.006	0.104	0.001	0.812
neutral	0.043	0.000	0.034	0.004	0.202	0.001	0.716
neutral	0.047	0.000	0.037	0.003	0.167	0.003	0.745
neutral	0.071	0.000	0.079	0.003	0.285	0.004	0.558
neutral	0.052	0.000	0.020	0.003	0.123	0.002	0.801
neutral	0.067	0.000	0.052	0.004	0.275	0.002	0.599
neutral	0.058	0.000	0.034	0.002	0.188	0.002	0.715
neutral	0.075	0.000	0.041	0.003	0.223	0.003	0.655
neutral	0.077	0.000	0.024	0.005	0.208	0.002	0.683
neutral	0.107	0.000	0.040	0.003	0.212	0.004	0.635
neutral	0.060	0.000	0.032	0.003	0.254	0.002	0.649
neutral	0.070	0.000	0.027	0.004	0.180	0.002	0.716
neutral	0.061	0.000	0.046	0.005	0.237	0.003	0.649
neutral	0.041	0.000	0.028	0.003	0.163	0.002	0.763
neutral	0.047	0.000	0.020	0.003	0.153	0.001	0.776
neutral	0.056	0.000	0.022	0.008	0.162	0.001	0.751
neutral	0.017	0.000	0.004	0.019	0.106	0.000	0.854
neutral	0.020	0.000	0.012	0.024	0.130	0.001	0.813
neutral	0.030	0.000	0.006	0.022	0.102	0.001	0.839
neutral	0.040	0.000	0.012	0.011	0.233	0.001	0.702
neutral	0.045	0.000	0.020	0.014	0.334	0.003	0.584
neutral	0.067	0.000	0.007	0.005	0.308	0.002	0.610
neutral	0.039	0.000	0.013	0.011	0.254	0.003	0.679
neutral	0.023	0.000	0.022	0.003	0.470	0.002	0.480
neutral	0.029	0.000	0.023	0.006	0.375	0.004	0.563
neutral	0.013	0.000	0.005	0.007	0.084	0.001	0.889
neutral	0.025	0.000	0.029	0.019	0.193	0.003	0.730
neutral	0.029	0.000	0.038	0.018	0.406	0.008	0.500
neutral	0.027	0.000	0.011	0.021	0.187	0.003	0.751
neutral	0.025	0.000	0.015	0.009	0.178	0.002	0.772
neutral	0.025	0.000	0.008	0.028	0.139	0.001	0.798
neutral	0.023	0.000	0.011	0.025	0.161	0.001	0.780
neutral	0.022	0.000	0.007	0.051	0.112	0.001	0.808
neutral	0.046	0.000	0.006	0.063	0.133	0.003	0.749
neutral	0.023	0.000	0.005	0.024	0.069	0.001	0.878
neutral	0.033	0.000	0.001	0.027	0.046	0.000	0.892
neutral	0.028	0.000	0.006	0.011	0.067	0.001	0.887
neutral	0.017	0.000	0.003	0.011	0.053	0.001	0.915
neutral	0.018	0.000	0.007	0.033	0.188	0.002	0.752
neutral	0.040	0.000	0.012	0.014	0.200	0.002	0.732
neutral	0.017	0.000	0.011	0.018	0.187	0.002	0.766
neutral	0.012	0.000	0.009	0.016	0.248	0.003	0.711
neutral	0.009	0.000	0.006	0.010	0.399	0.002	0.574
sad	0.019	0.000	0.015	0.005	0.810	0.003	0.148
sad	0.020	0.000	0.011	0.017	0.814	0.013	0.126
sad	0.056	0.000	0.006	0.026	0.556	0.215	0.142
surprise	0.034	0.000	0.002	0.008	0.402	0.468	0.086
surprise	0.022	0.000	0.002	0.003	0.176	0.757	0.041
surprise	0.041	0.000	0.014	0.006	0.416	0.456	0.066
sad	0.059	0.001	0.016	0.011	0.444	0.426	0.043
sad	0.094	0.002	0.022	0.022	0.652	0.049	0.159
neutral	0.113	0.002	0.015	0.040	0.397	0.016	0.417
neutral	0.074	0.015	0.010	0.031	0.236	0.004	0.631
neutral	0.032	0.000	0.013	0.019	0.163	0.016	0.756
neutral	0.103	0.000	0.017	0.004	0.127	0.022	0.727
neutral	0.102	0.000	0.024	0.010	0.218	0.013	0.633
neutral	0.063	0.000	0.036	0.009	0.146	0.015	0.730
sad	0.183	0.000	0.050	0.019	0.365	0.026	0.358
neutral	0.064	0.000	0.024	0.014	0.078	0.015	0.805
neutral	0.108	0.000	0.014	0.012	0.155	0.008	0.703
neutral	0.027	0.000	0.014	0.018	0.128	0.010	0.803
neutral	0.023	0.000	0.009	0.014	0.097	0.009	0.848
neutral	0.030	0.000	0.007	0.004	0.101	0.002	0.856
neutral	0.018	0.000	0.007	0.007	0.105	0.006	0.857
neutral	0.059	0.000	0.020	0.016	0.174	0.013	0.718
neutral	0.033	0.000	0.006	0.011	0.119	0.004	0.826
neutral	0.037	0.000	0.009	0.006	0.150	0.003	0.796
neutral	0.048	0.000	0.011	0.013	0.209	0.008	0.711
neutral	0.033	0.000	0.011	0.012	0.212	0.005	0.726
neutral	0.042	0.001	0.015	0.026	0.240	0.009	0.667
neutral	0.036	0.000	0.011	0.021	0.259	0.012	0.661
neutral	0.048	0.001	0.012	0.030	0.259	0.011	0.640
neutral	0.035	0.000	0.007	0.011	0.268	0.007	0.672
neutral	0.054	0.000	0.013	0.007	0.284	0.009	0.633
neutral	0.037	0.000	0.008	0.013	0.271	0.006	0.666
neutral	0.044	0.000	0.018	0.053	0.324	0.026	0.535
neutral	0.080	0.000	0.024	0.018	0.296	0.013	0.568
neutral	0.054	0.000	0.012	0.011	0.290	0.006	0.626
neutral	0.049	0.000	0.008	0.008	0.192	0.005	0.737
neutral	0.051	0.002	0.019	0.075	0.251	0.020	0.581
neutral	0.030	0.000	0.009	0.017	0.178	0.007	0.758
neutral	0.038	0.001	0.012	0.030	0.264	0.015	0.639
neutral	0.030	0.001	0.008	0.018	0.158	0.010	0.775
neutral	0.049	0.002	0.018	0.031	0.236	0.020	0.644
neutral	0.041	0.002	0.014	0.030	0.280	0.013	0.620
neutral	0.028	0.000	0.013	0.051	0.224	0.023	0.661
neutral	0.029	0.000	0.016	0.025	0.393	0.011	0.526
neutral	0.018	0.000	0.009	0.034	0.226	0.012	0.701
neutral	0.033	0.001	0.015	0.036	0.293	0.013	0.610
neutral	0.028	0.000	0.019	0.022	0.377	0.008	0.546
neutral	0.021	0.000	0.008	0.044	0.241	0.013	0.673
neutral	0.027	0.000	0.016	0.033	0.390	0.014	0.520
neutral	0.022	0.000	0.010	0.043	0.243	0.015	0.666
neutral	0.036	0.000	0.018	0.035	0.281	0.013	0.616
neutral	0.032	0.001	0.009	0.005	0.420	0.004	0.528
neutral	0.071	0.001	0.014	0.014	0.395	0.009	0.494
neutral	0.043	0.000	0.018	0.078	0.425	0.009	0.427
sad	0.047	0.000	0.015	0.021	0.709	0.043	0.164
sad	0.024	0.000	0.012	0.020	0.695	0.038	0.210
sad	0.042	0.001	0.024	0.127	0.426	0.026	0.354
sad	0.064	0.001	0.028	0.011	0.522	0.278	0.096
sad	0.056	0.000	0.017	0.020	0.419	0.271	0.216
sad	0.048	0.010	0.020	0.014	0.702	0.016	0.190
neutral	0.031	0.003	0.018	0.029	0.440	0.012	0.468
neutral	0.075	0.000	0.009	0.015	0.347	0.006	0.548
neutral	0.040	0.000	0.016	0.042	0.292	0.030	0.581
neutral	0.039	0.000	0.023	0.016	0.295	0.042	0.586
neutral	0.072	0.000	0.021	0.006	0.243	0.031	0.626
neutral	0.052	0.000	0.019	0.020	0.395	0.010	0.504
neutral	0.041	0.000	0.015	0.006	0.394	0.010	0.534
neutral	0.051	0.000	0.007	0.010	0.164	0.014	0.754
neutral	0.055	0.000	0.010	0.016	0.175	0.019	0.724
neutral	0.038	0.000	0.009	0.016	0.192	0.021	0.723
neutral	0.073	0.000	0.012	0.013	0.149	0.021	0.732
neutral	0.034	0.000	0.007	0.013	0.183	0.018	0.745
neutral	0.023	0.000	0.005	0.009	0.165	0.009	0.789
neutral	0.049	0.000	0.004	0.012	0.095	0.007	0.833
neutral	0.047	0.000	0.004	0.017	0.125	0.005	0.803
neutral	0.020	0.000	0.004	0.010	0.138	0.003	0.825
neutral	0.052	0.000	0.004	0.028	0.092	0.009	0.815
neutral	0.045	0.000	0.006	0.024	0.204	0.009	0.711
neutral	0.037	0.000	0.005	0.010	0.196	0.003	0.750
neutral	0.058	0.000	0.006	0.009	0.265	0.009	0.653
neutral	0.040	0.000	0.008	0.018	0.185	0.008	0.741
neutral	0.047	0.000	0.005	0.013	0.181	0.005	0.748
neutral	0.053	0.001	0.007	0.009	0.221	0.006	0.702
neutral	0.020	0.000	0.007	0.021	0.152	0.006	0.794
neutral	0.032	0.000	0.010	0.012	0.244	0.009	0.693
neutral	0.044	0.000	0.007	0.012	0.188	0.007	0.741
neutral	0.056	0.000	0.004	0.007	0.189	0.004	0.739
neutral	0.075	0.001	0.008	0.009	0.195	0.006	0.705
neutral	0.051	0.000	0.008	0.006	0.307	0.007	0.621
neutral	0.053	0.001	0.007	0.011	0.183	0.008	0.737
neutral	0.027	0.000	0.010	0.029	0.186	0.010	0.739
neutral	0.034	0.000	0.009	0.024	0.217	0.006	0.711
neutral	0.049	0.001	0.008	0.028	0.210	0.013	0.691
neutral	0.080	0.000	0.005	0.006	0.328	0.009	0.571
neutral	0.107	0.000	0.008	0.006	0.352	0.020	0.506
neutral	0.107	0.000	0.007	0.006	0.279	0.024	0.577
neutral	0.104	0.000	0.006	0.006	0.211	0.025	0.648
neutral	0.054	0.001	0.005	0.017	0.217	0.015	0.691
neutral	0.068	0.001	0.005	0.016	0.204	0.012	0.695
neutral	0.040	0.000	0.010	0.030	0.247	0.012	0.661
neutral	0.055	0.001	0.014	0.017	0.282	0.012	0.620
neutral	0.073	0.001	0.014	0.012	0.233	0.013	0.653
neutral	0.033	0.000	0.010	0.021	0.110	0.009	0.816
neutral	0.068	0.002	0.010	0.029	0.208	0.019	0.664
neutral	0.032	0.000	0.009	0.026	0.168	0.012	0.753
neutral	0.067	0.001	0.013	0.018	0.276	0.014	0.611
neutral	0.050	0.000	0.009	0.019	0.149	0.016	0.757
neutral	0.081	0.001	0.012	0.009	0.293	0.010	0.594
neutral	0.055	0.000	0.007	0.013	0.147	0.008	0.770
neutral	0.058	0.001	0.012	0.013	0.236	0.018	0.662
neutral	0.049	0.001	0.008	0.004	0.384	0.006	0.547
neutral	0.075	0.001	0.010	0.025	0.214	0.014	0.661
neutral	0.060	0.001	0.011	0.009	0.263	0.013	0.643
neutral	0.051	0.000	0.016	0.012	0.245	0.017	0.659
neutral	0.027	0.000	0.010	0.010	0.246	0.005	0.702
neutral	0.022	0.000	0.010	0.021	0.216	0.007	0.723
neutral	0.025	0.000	0.012	0.022	0.434	0.020	0.488
neutral	0.030	0.000	0.010	0.034	0.201	0.008	0.717
neutral	0.030	0.000	0.012	0.023	0.219	0.007	0.710
neutral	0.040	0.000	0.019	0.018	0.380	0.013	0.530
neutral	0.031	0.000	0.020	0.015	0.395	0.014	0.524
neutral	0.017	0.000	0.007	0.012	0.239	0.009	0.717
neutral	0.070	0.000	0.009	0.017	0.342	0.018	0.545
neutral	0.027	0.000	0.009	0.022	0.180	0.008	0.753
neutral	0.034	0.001	0.007	0.024	0.158	0.010	0.766
neutral	0.093	0.000	0.014	0.012	0.236	0.014	0.631
neutral	0.068	0.001	0.010	0.011	0.191	0.012	0.706
neutral	0.052	0.000	0.021	0.014	0.348	0.012	0.553
neutral	0.042	0.000	0.010	0.032	0.236	0.009	0.671
neutral	0.042	0.000	0.005	0.018	0.187	0.012	0.735
neutral	0.028	0.000	0.006	0.026	0.129	0.006	0.805
neutral	0.032	0.000	0.005	0.024	0.102	0.008	0.829
neutral	0.071	0.001	0.011	0.010	0.238	0.009	0.662
neutral	0.032	0.000	0.007	0.024	0.152	0.012	0.773
neutral	0.042	0.001	0.011	0.020	0.281	0.009	0.637
neutral	0.033	0.000	0.005	0.013	0.185	0.009	0.755
neutral	0.035	0.000	0.025	0.024	0.342	0.021	0.552
neutral	0.039	0.000	0.011	0.013	0.262	0.012	0.663
neutral	0.037	0.000	0.016	0.021	0.239	0.023	0.664
neutral	0.037	0.000	0.011	0.026	0.188	0.015	0.724
neutral	0.086	0.000	0.013	0.012	0.268	0.012	0.610
neutral	0.101	0.000	0.007	0.005	0.364	0.014	0.508
neutral	0.113	0.000	0.008	0.009	0.307	0.010	0.554
neutral	0.050	0.000	0.017	0.023	0.230	0.019	0.661
neutral	0.090	0.000	0.008	0.004	0.373	0.016	0.509
neutral	0.074	0.000	0.007	0.006	0.365	0.016	0.531
neutral	0.075	0.000	0.008	0.006	0.391	0.020	0.501
neutral	0.084	0.000	0.016	0.010	0.261	0.015	0.614
neutral	0.066	0.000	0.007	0.005	0.382	0.010	0.530
neutral	0.070	0.000	0.009	0.006	0.298	0.008	0.609
sad	0.056	0.000	0.026	0.005	0.470	0.006	0.436
neutral	0.027	0.000	0.014	0.026	0.256	0.016	0.662
sad	0.040	0.000	0.015	0.002	0.470	0.005	0.468
neutral	0.027	0.000	0.010	0.020	0.279	0.010	0.654
neutral	0.046	0.000	0.010	0.004	0.300	0.007	0.633
neutral	0.059	0.000	0.010	0.005	0.348	0.005	0.573
neutral	0.058	0.000	0.023	0.005	0.391	0.007	0.515
neutral	0.050	0.000	0.015	0.011	0.330	0.011	0.583
neutral	0.072	0.000	0.017	0.005	0.379	0.008	0.519
neutral	0.064	0.000	0.007	0.003	0.352	0.005	0.568
neutral	0.062	0.000	0.017	0.004	0.331	0.005	0.580
neutral	0.074	0.000	0.019	0.004	0.353	0.007	0.543
neutral	0.079	0.000	0.020	0.005	0.361	0.009	0.525
neutral	0.060	0.000	0.013	0.025	0.158	0.030	0.714
neutral	0.051	0.000	0.013	0.008	0.300	0.010	0.618
neutral	0.065	0.001	0.017	0.007	0.347	0.012	0.553
neutral	0.066	0.001	0.019	0.020	0.244	0.021	0.630
neutral	0.074	0.000	0.016	0.006	0.330	0.011	0.563
neutral	0.055	0.000	0.008	0.003	0.365	0.008	0.561
neutral	0.072	0.000	0.019	0.007	0.409	0.014	0.480
neutral	0.037	0.000	0.030	0.031	0.362	0.035	0.505
neutral	0.057	0.000	0.016	0.010	0.393	0.008	0.515
neutral	0.062	0.000	0.017	0.011	0.323	0.009	0.578
neutral	0.070	0.000	0.018	0.007	0.375	0.011	0.518
neutral	0.057	0.000	0.021	0.009	0.354	0.013	0.546
neutral	0.057	0.000	0.018	0.007	0.395	0.010	0.512
neutral	0.057	0.000	0.012	0.007	0.365	0.006	0.553
neutral	0.035	0.000	0.019	0.017	0.394	0.013	0.522
neutral	0.041	0.000	0.040	0.015	0.374	0.028	0.502
neutral	0.047	0.000	0.021	0.010	0.389	0.012	0.521
neutral	0.063	0.000	0.013	0.010	0.346	0.012	0.555
neutral	0.030	0.000	0.010	0.015	0.244	0.015	0.686
neutral	0.086	0.000	0.016	0.005	0.403	0.008	0.482
neutral	0.099	0.000	0.018	0.008	0.363	0.007	0.504
neutral	0.074	0.000	0.012	0.004	0.348	0.008	0.554
neutral	0.075	0.001	0.014	0.010	0.399	0.010	0.491
neutral	0.101	0.000	0.011	0.007	0.341	0.009	0.531
neutral	0.059	0.003	0.019	0.023	0.288	0.016	0.594
neutral	0.070	0.001	0.014	0.007	0.373	0.010	0.525
neutral	0.068	0.001	0.013	0.008	0.393	0.009	0.507
neutral	0.035	0.000	0.021	0.006	0.454	0.007	0.476
neutral	0.035	0.001	0.018	0.023	0.329	0.020	0.573
neutral	0.078	0.000	0.007	0.003	0.423	0.010	0.480
neutral	0.075	0.001	0.017	0.013	0.286	0.013	0.595
neutral	0.083	0.000	0.015	0.008	0.335	0.010	0.548
neutral	0.051	0.001	0.014	0.029	0.238	0.021	0.647
neutral	0.039	0.000	0.008	0.022	0.171	0.013	0.746
neutral	0.084	0.003	0.023	0.020	0.281	0.021	0.569
neutral	0.064	0.000	0.012	0.010	0.201	0.010	0.703
neutral	0.027	0.000	0.009	0.015	0.194	0.014	0.740
neutral	0.070	0.000	0.009	0.007	0.329	0.010	0.574
neutral	0.079	0.000	0.009	0.007	0.320	0.010	0.575
neutral	0.030	0.001	0.010	0.016	0.205	0.017	0.722
neutral	0.061	0.000	0.031	0.013	0.378	0.016	0.501
neutral	0.024	0.000	0.009	0.014	0.236	0.008	0.710
neutral	0.034	0.000	0.010	0.017	0.255	0.009	0.674
neutral	0.021	0.000	0.007	0.018	0.180	0.016	0.758
neutral	0.040	0.001	0.015	0.024	0.211	0.026	0.684
neutral	0.065	0.002	0.013	0.019	0.263	0.013	0.626
neutral	0.027	0.000	0.011	0.020	0.171	0.019	0.751
neutral	0.035	0.001	0.013	0.026	0.210	0.024	0.692
neutral	0.029	0.000	0.012	0.015	0.202	0.024	0.718
neutral	0.023	0.000	0.010	0.019	0.177	0.014	0.756
neutral	0.060	0.001	0.015	0.007	0.240	0.008	0.670
neutral	0.053	0.000	0.021	0.040	0.306	0.016	0.565
neutral	0.066	0.001	0.024	0.007	0.385	0.011	0.507
neutral	0.087	0.000	0.010	0.008	0.318	0.015	0.561
neutral	0.057	0.001	0.014	0.020	0.255	0.019	0.634
neutral	0.085	0.000	0.011	0.012	0.271	0.021	0.601
neutral	0.056	0.002	0.015	0.017	0.291	0.015	0.604
neutral	0.076	0.001	0.019	0.006	0.295	0.012	0.592
neutral	0.017	0.000	0.010	0.014	0.263	0.008	0.687
neutral	0.028	0.000	0.011	0.016	0.226	0.014	0.704
neutral	0.032	0.000	0.011	0.029	0.223	0.023	0.682
neutral	0.022	0.000	0.008	0.011	0.208	0.012	0.740
neutral	0.036	0.000	0.013	0.018	0.196	0.016	0.720
neutral	0.047	0.000	0.017	0.042	0.398	0.020	0.476
neutral	0.049	0.000	0.029	0.007	0.369	0.014	0.532
neutral	0.032	0.000	0.012	0.023	0.157	0.018	0.757
neutral	0.076	0.001	0.014	0.009	0.262	0.015	0.625
neutral	0.052	0.001	0.016	0.013	0.180	0.019	0.718
neutral	0.081	0.001	0.017	0.008	0.314	0.017	0.564
neutral	0.067	0.001	0.016	0.021	0.249	0.018	0.629
neutral	0.014	0.000	0.005	0.014	0.167	0.008	0.792
neutral	0.063	0.001	0.019	0.013	0.276	0.024	0.604
neutral	0.060	0.001	0.016	0.007	0.289	0.010	0.616
neutral	0.045	0.000	0.021	0.012	0.384	0.014	0.523
neutral	0.044	0.000	0.019	0.024	0.294	0.023	0.596
sad	0.030	0.000	0.024	0.015	0.497	0.016	0.419
neutral	0.017	0.000	0.011	0.016	0.240	0.013	0.703
neutral	0.082	0.001	0.018	0.015	0.318	0.012	0.553
neutral	0.072	0.000	0.018	0.011	0.311	0.012	0.575
neutral	0.015	0.000	0.006	0.012	0.230	0.009	0.727
neutral	0.021	0.001	0.007	0.015	0.231	0.014	0.711
neutral	0.067	0.001	0.014	0.006	0.356	0.013	0.544
neutral	0.018	0.001	0.007	0.015	0.277	0.008	0.675
neutral	0.032	0.001	0.009	0.011	0.260	0.011	0.676
neutral	0.014	0.000	0.006	0.013	0.219	0.007	0.741
neutral	0.025	0.001	0.010	0.025	0.360	0.009	0.571
neutral	0.047	0.001	0.014	0.016	0.402	0.010	0.510
neutral	0.051	0.001	0.018	0.017	0.414	0.008	0.491
neutral	0.048	0.000	0.018	0.005	0.456	0.007	0.465
neutral	0.054	0.001	0.018	0.013	0.426	0.008	0.481
neutral	0.041	0.000	0.019	0.017	0.363	0.012	0.548
neutral	0.048	0.000	0.015	0.010	0.386	0.007	0.535
neutral	0.054	0.000	0.015	0.009	0.396	0.006	0.519
neutral	0.013	0.000	0.007	0.006	0.348	0.003	0.622
sad	0.035	0.000	0.012	0.006	0.494	0.005	0.447
sad	0.044	0.000	0.015	0.006	0.528	0.007	0.400
neutral	0.050	0.000	0.008	0.005	0.402	0.004	0.532
neutral	0.081	0.000	0.010	0.008	0.402	0.007	0.492
neutral	0.065	0.000	0.011	0.007	0.360	0.006	0.551
neutral	0.053	0.000	0.014	0.007	0.390	0.007	0.529
neutral	0.063	0.000	0.012	0.005	0.434	0.007	0.480
neutral	0.058	0.000	0.007	0.005	0.322	0.005	0.603
neutral	0.062	0.000	0.011	0.006	0.388	0.005	0.527
sad	0.040	0.000	0.013	0.010	0.506	0.007	0.423
neutral	0.011	0.000	0.006	0.007	0.319	0.003	0.653
neutral	0.055	0.000	0.009	0.006	0.417	0.007	0.506
sad	0.059	0.000	0.010	0.004	0.501	0.006	0.420
neutral	0.055	0.000	0.010	0.006	0.384	0.006	0.538
neutral	0.053	0.000	0.013	0.008	0.359	0.008	0.560
sad	0.082	0.000	0.012	0.006	0.499	0.008	0.393
neutral	0.013	0.000	0.012	0.007	0.372	0.006	0.590
sad	0.049	0.000	0.017	0.007	0.479	0.007	0.441
neutral	0.050	0.000	0.023	0.010	0.434	0.007	0.476
neutral	0.016	0.000	0.007	0.008	0.310	0.003	0.657
neutral	0.059	0.000	0.012	0.009	0.340	0.004	0.576
neutral	0.042	0.000	0.010	0.005	0.429	0.004	0.511
neutral	0.045	0.000	0.012	0.009	0.344	0.004	0.585
neutral	0.040	0.000	0.009	0.004	0.450	0.004	0.493
neutral	0.042	0.000	0.009	0.006	0.426	0.004	0.513
neutral	0.037	0.000	0.009	0.020	0.184	0.009	0.740
neutral	0.017	0.000	0.006	0.004	0.437	0.002	0.533
neutral	0.031	0.000	0.007	0.004	0.451	0.003	0.503
neutral	0.047	0.000	0.011	0.010	0.369	0.004	0.560
sad	0.027	0.000	0.009	0.005	0.484	0.004	0.471
neutral	0.025	0.000	0.008	0.005	0.472	0.002	0.487
neutral	0.040	0.000	0.009	0.011	0.316	0.005	0.618
neutral	0.030	0.000	0.007	0.005	0.428	0.003	0.528
sad	0.034	0.000	0.007	0.003	0.535	0.004	0.417
sad	0.041	0.000	0.008	0.006	0.495	0.005	0.445
sad	0.060	0.000	0.011	0.006	0.536	0.010	0.376
neutral	0.043	0.000	0.007	0.004	0.442	0.004	0.500
neutral	0.064	0.000	0.007	0.005	0.452	0.005	0.466
neutral	0.062	0.000	0.012	0.008	0.429	0.007	0.482
neutral	0.026	0.000	0.009	0.011	0.351	0.004	0.600
neutral	0.037	0.000	0.009	0.005	0.459	0.005	0.485
sad	0.069	0.000	0.011	0.008	0.471	0.006	0.436
sad	0.065	0.000	0.020	0.007	0.551	0.007	0.349
neutral	0.066	0.000	0.010	0.007	0.382	0.007	0.528
neutral	0.033	0.000	0.011	0.005	0.450	0.003	0.497
neutral	0.015	0.000	0.006	0.004	0.409	0.002	0.564
sad	0.064	0.000	0.011	0.007	0.466	0.010	0.442
neutral	0.060	0.000	0.012	0.012	0.426	0.007	0.484
neutral	0.041	0.000	0.009	0.007	0.468	0.005	0.470
neutral	0.052	0.000	0.009	0.009	0.443	0.006	0.481
sad	0.013	0.000	0.011	0.007	0.501	0.003	0.465
neutral	0.038	0.000	0.006	0.007	0.398	0.008	0.543
sad	0.071	0.000	0.009	0.006	0.473	0.007	0.434
sad	0.052	0.000	0.011	0.006	0.537	0.009	0.385
neutral	0.059	0.000	0.010	0.010	0.442	0.006	0.472
neutral	0.068	0.000	0.009	0.011	0.371	0.007	0.534
sad	0.068	0.000	0.013	0.004	0.490	0.010	0.415
sad	0.058	0.000	0.009	0.006	0.478	0.006	0.443
neutral	0.056	0.000	0.009	0.013	0.407	0.010	0.504
neutral	0.055	0.000	0.007	0.012	0.416	0.006	0.504
neutral	0.072	0.000	0.010	0.006	0.394	0.007	0.511
neutral	0.072	0.000	0.009	0.008	0.380	0.016	0.515
neutral	0.075	0.000	0.009	0.009	0.371	0.011	0.525
sad	0.082	0.001	0.019	0.006	0.481	0.011	0.400
neutral	0.061	0.000	0.007	0.008	0.329	0.007	0.588
neutral	0.051	0.000	0.007	0.005	0.369	0.008	0.561
neutral	0.022	0.000	0.006	0.003	0.365	0.004	0.599
neutral	0.097	0.000	0.009	0.006	0.381	0.009	0.499
neutral	0.061	0.000	0.010	0.009	0.444	0.008	0.468
sad	0.056	0.000	0.011	0.008	0.495	0.008	0.421
neutral	0.062	0.000	0.011	0.006	0.442	0.009	0.470
neutral	0.040	0.000	0.005	0.006	0.284	0.006	0.658
neutral	0.072	0.000	0.010	0.004	0.376	0.014	0.523
neutral	0.065	0.000	0.010	0.006	0.363	0.010	0.545
neutral	0.056	0.000	0.007	0.006	0.294	0.007	0.630
neutral	0.081	0.000	0.009	0.009	0.302	0.010	0.589
sad	0.027	0.000	0.009	0.008	0.485	0.006	0.465
sad	0.062	0.000	0.014	0.009	0.519	0.015	0.381
sad	0.054	0.000	0.012	0.008	0.541	0.011	0.373
sad	0.029	0.000	0.007	0.005	0.482	0.003	0.474
neutral	0.035	0.000	0.011	0.008	0.424	0.004	0.518
neutral	0.058	0.000	0.008	0.006	0.388	0.005	0.534
neutral	0.044	0.000	0.005	0.006	0.320	0.003	0.621
neutral	0.050	0.000	0.008	0.006	0.331	0.003	0.601
neutral	0.071	0.000	0.010	0.004	0.442	0.006	0.466
neutral	0.076	0.000	0.007	0.004	0.394	0.006	0.512
neutral	0.050	0.000	0.005	0.005	0.361	0.005	0.574
neutral	0.043	0.000	0.005	0.004	0.383	0.004	0.560
sad	0.060	0.000	0.012	0.006	0.536	0.008	0.379
sad	0.044	0.000	0.012	0.007	0.494	0.006	0.437
neutral	0.013	0.000	0.006	0.008	0.374	0.004	0.594
neutral	0.039	0.000	0.007	0.011	0.411	0.008	0.524
neutral	0.025	0.000	0.007	0.009	0.414	0.003	0.541
sad	0.031	0.000	0.008	0.006	0.541	0.004	0.410
neutral	0.032	0.000	0.008	0.036	0.196	0.014	0.713
neutral	0.029	0.000	0.008	0.034	0.186	0.016	0.727
neutral	0.060	0.000	0.011	0.011	0.419	0.019	0.480
neutral	0.009	0.000	0.005	0.010	0.324	0.003	0.649
neutral	0.016	0.000	0.007	0.018	0.230	0.006	0.723
neutral	0.041	0.000	0.014	0.098	0.276	0.021	0.551
neutral	0.011	0.000	0.006	0.007	0.355	0.004	0.617
neutral	0.021	0.000	0.011	0.019	0.409	0.006	0.533
neutral	0.010	0.000	0.007	0.015	0.326	0.003	0.638
neutral	0.036	0.000	0.015	0.006	0.415	0.007	0.521
neutral	0.012	0.000	0.005	0.007	0.325	0.003	0.647
neutral	0.027	0.000	0.010	0.025	0.233	0.011	0.693
sad	0.044	0.000	0.015	0.007	0.493	0.006	0.436
sad	0.042	0.000	0.012	0.008	0.485	0.010	0.444
neutral	0.054	0.000	0.013	0.009	0.406	0.005	0.513
neutral	0.021	0.000	0.010	0.007	0.346	0.005	0.611
neutral	0.040	0.000	0.012	0.011	0.311	0.006	0.619
neutral	0.035	0.001	0.013	0.010	0.405	0.005	0.531
neutral	0.050	0.000	0.014	0.008	0.405	0.009	0.513
neutral	0.055	0.000	0.011	0.007	0.374	0.011	0.542
sad	0.065	0.000	0.014	0.008	0.469	0.021	0.423
neutral	0.018	0.000	0.006	0.010	0.332	0.004	0.631
neutral	0.058	0.000	0.013	0.012	0.366	0.008	0.542
neutral	0.059	0.001	0.018	0.010	0.315	0.009	0.587
neutral	0.011	0.000	0.006	0.017	0.211	0.006	0.748
neutral	0.077	0.001	0.017	0.014	0.350	0.007	0.534
neutral	0.011	0.000	0.006	0.017	0.200	0.006	0.760
neutral	0.058	0.000	0.019	0.008	0.421	0.007	0.487
neutral	0.039	0.000	0.010	0.007	0.463	0.005	0.476
sad	0.030	0.000	0.012	0.010	0.480	0.008	0.460
sad	0.032	0.000	0.012	0.006	0.513	0.008	0.429
neutral	0.056	0.000	0.009	0.003	0.398	0.006	0.529
neutral	0.062	0.000	0.011	0.006	0.285	0.006	0.631
neutral	0.041	0.001	0.009	0.009	0.153	0.006	0.782
neutral	0.025	0.000	0.009	0.020	0.164	0.009	0.773
neutral	0.009	0.000	0.005	0.002	0.342	0.002	0.640
neutral	0.012	0.000	0.006	0.008	0.197	0.007	0.770
neutral	0.011	0.000	0.005	0.012	0.172	0.004	0.796
neutral	0.018	0.000	0.005	0.009	0.158	0.005	0.806
neutral	0.015	0.000	0.003	0.031	0.102	0.002	0.848
neutral	0.019	0.000	0.004	0.091	0.187	0.003	0.696
neutral	0.011	0.000	0.001	0.138	0.084	0.001	0.764
neutral	0.015	0.000	0.001	0.123	0.104	0.001	0.755
neutral	0.012	0.000	0.002	0.036	0.081	0.001	0.868
neutral	0.017	0.000	0.004	0.044	0.087	0.002	0.845
neutral	0.025	0.000	0.003	0.021	0.056	0.003	0.891
neutral	0.011	0.000	0.002	0.014	0.041	0.002	0.931
neutral	0.011	0.000	0.003	0.017	0.083	0.002	0.885
neutral	0.018	0.000	0.002	0.017	0.087	0.002	0.873
neutral	0.017	0.000	0.006	0.040	0.101	0.004	0.832
neutral	0.020	0.000	0.006	0.012	0.116	0.004	0.842
neutral	0.021	0.000	0.007	0.028	0.117	0.007	0.820
neutral	0.016	0.000	0.002	0.008	0.098	0.003	0.873
neutral	0.017	0.000	0.003	0.012	0.060	0.010	0.898
neutral	0.016	0.000	0.002	0.008	0.059	0.005	0.909
neutral	0.015	0.000	0.003	0.009	0.072	0.009	0.892
neutral	0.035	0.000	0.008	0.045	0.144	0.007	0.760
neutral	0.022	0.000	0.005	0.059	0.123	0.003	0.788
neutral	0.010	0.000	0.003	0.031	0.070	0.003	0.885
neutral	0.013	0.000	0.003	0.025	0.076	0.003	0.880
neutral	0.014	0.000	0.005	0.020	0.085	0.005	0.870
neutral	0.015	0.000	0.002	0.008	0.060	0.003	0.911
neutral	0.021	0.000	0.009	0.017	0.123	0.005	0.825
neutral	0.017	0.000	0.008	0.028	0.162	0.006	0.779
neutral	0.017	0.000	0.005	0.010	0.083	0.007	0.878
neutral	0.017	0.000	0.003	0.005	0.072	0.005	0.898
neutral	0.018	0.000	0.002	0.005	0.055	0.005	0.914
neutral	0.025	0.000	0.005	0.023	0.126	0.005	0.815
neutral	0.010	0.000	0.002	0.010	0.064	0.003	0.912
neutral	0.013	0.000	0.005	0.020	0.101	0.005	0.855
neutral	0.018	0.000	0.004	0.016	0.097	0.006	0.858
neutral	0.014	0.000	0.005	0.014	0.099	0.004	0.864
neutral	0.015	0.000	0.002	0.005	0.059	0.004	0.915
neutral	0.011	0.000	0.002	0.009	0.071	0.003	0.904
neutral	0.015	0.000	0.003	0.025	0.103	0.003	0.851
neutral	0.024	0.000	0.007	0.019	0.127	0.004	0.819
neutral	0.013	0.000	0.004	0.016	0.081	0.006	0.880
neutral	0.012	0.000	0.005	0.038	0.095	0.005	0.846
neutral	0.012	0.000	0.002	0.013	0.070	0.002	0.901
neutral	0.014	0.000	0.005	0.026	0.106	0.006	0.842
neutral	0.011	0.000	0.005	0.017	0.095	0.003	0.868
neutral	0.011	0.000	0.004	0.010	0.113	0.005	0.857
neutral	0.013	0.000	0.003	0.011	0.107	0.003	0.864
neutral	0.023	0.000	0.008	0.019	0.141	0.006	0.803
neutral	0.020	0.000	0.005	0.010	0.107	0.005	0.853
neutral	0.018	0.000	0.004	0.008	0.120	0.004	0.846
neutral	0.017	0.000	0.005	0.008	0.115	0.004	0.851
neutral	0.020	0.000	0.006	0.010	0.104	0.005	0.855
neutral	0.026	0.000	0.008	0.018	0.143	0.006	0.798
neutral	0.015	0.000	0.006	0.017	0.116	0.005	0.841
neutral	0.019	0.000	0.008	0.009	0.163	0.004	0.798
neutral	0.022	0.000	0.009	0.014	0.187	0.003	0.764
neutral	0.010	0.000	0.002	0.012	0.099	0.002	0.876
neutral	0.018	0.000	0.007	0.016	0.192	0.003	0.763
neutral	0.018	0.000	0.004	0.011	0.101	0.005	0.861
neutral	0.012	0.000	0.004	0.030	0.134	0.003	0.817
neutral	0.013	0.000	0.004	0.017	0.122	0.005	0.839
neutral	0.012	0.000	0.004	0.015	0.125	0.002	0.843
neutral	0.022	0.000	0.005	0.012	0.192	0.002	0.766
neutral	0.016	0.000	0.004	0.011	0.150	0.003	0.815
neutral	0.025	0.000	0.012	0.022	0.218	0.005	0.717
neutral	0.012	0.000	0.003	0.009	0.128	0.002	0.846
neutral	0.010	0.000	0.003	0.010	0.108	0.002	0.867
neutral	0.010	0.000	0.002	0.009	0.117	0.003	0.858
neutral	0.023	0.000	0.004	0.015	0.125	0.005	0.827
neutral	0.016	0.000	0.004	0.021	0.163	0.002	0.794
neutral	0.024	0.000	0.004	0.014	0.128	0.004	0.826
neutral	0.022	0.000	0.004	0.017	0.137	0.003	0.816
neutral	0.013	0.000	0.005	0.019	0.188	0.004	0.772
neutral	0.019	0.000	0.006	0.031	0.154	0.003	0.786
neutral	0.021	0.000	0.009	0.020	0.181	0.006	0.763
neutral	0.039	0.000	0.006	0.012	0.201	0.004	0.738
neutral	0.019	0.001	0.006	0.005	0.133	0.005	0.832
neutral	0.088	0.000	0.014	0.009	0.302	0.009	0.578
neutral	0.025	0.001	0.006	0.015	0.139	0.005	0.808
neutral	0.027	0.001	0.008	0.026	0.172	0.007	0.760
neutral	0.033	0.002	0.008	0.013	0.190	0.004	0.750
neutral	0.019	0.000	0.007	0.007	0.174	0.004	0.789
neutral	0.028	0.000	0.009	0.028	0.215	0.013	0.707
neutral	0.014	0.000	0.005	0.014	0.127	0.003	0.837
neutral	0.019	0.000	0.007	0.007	0.157	0.004	0.807
neutral	0.030	0.000	0.004	0.007	0.104	0.003	0.852
neutral	0.014	0.000	0.006	0.009	0.137	0.004	0.829
neutral	0.017	0.000	0.005	0.006	0.138	0.003	0.831
neutral	0.018	0.000	0.005	0.012	0.112	0.002	0.851
neutral	0.032	0.001	0.009	0.021	0.221	0.007	0.708
neutral	0.019	0.000	0.006	0.035	0.177	0.005	0.758
neutral	0.016	0.000	0.006	0.030	0.224	0.008	0.716
neutral	0.019	0.000	0.007	0.032	0.189	0.010	0.743
neutral	0.019	0.000	0.008	0.055	0.185	0.008	0.724
neutral	0.025	0.000	0.012	0.059	0.200	0.020	0.685
neutral	0.014	0.000	0.005	0.045	0.162	0.005	0.769
neutral	0.018	0.000	0.008	0.067	0.172	0.008	0.727
neutral	0.016	0.001	0.008	0.022	0.219	0.005	0.730
neutral	0.025	0.000	0.010	0.046	0.157	0.016	0.745
neutral	0.019	0.000	0.007	0.039	0.167	0.006	0.762
neutral	0.020	0.000	0.011	0.043	0.291	0.007	0.627
neutral	0.022	0.000	0.009	0.050	0.227	0.012	0.680
neutral	0.046	0.000	0.011	0.044	0.241	0.015	0.642
neutral	0.029	0.000	0.009	0.020	0.216	0.010	0.717
neutral	0.021	0.000	0.011	0.026	0.223	0.006	0.713
neutral	0.010	0.000	0.006	0.009	0.172	0.003	0.800
neutral	0.010	0.000	0.006	0.009	0.175	0.004	0.797
neutral	0.027	0.001	0.011	0.024	0.203	0.006	0.728
neutral	0.024	0.001	0.009	0.030	0.215	0.008	0.713
neutral	0.023	0.001	0.007	0.020	0.156	0.005	0.789
neutral	0.015	0.000	0.007	0.020	0.131	0.004	0.822
neutral	0.019	0.000	0.011	0.011	0.227	0.007	0.725
neutral	0.015	0.000	0.010	0.039	0.198	0.007	0.731
neutral	0.032	0.000	0.008	0.010	0.248	0.007	0.694
neutral	0.022	0.001	0.006	0.028	0.156	0.004	0.782
neutral	0.018	0.000	0.006	0.039	0.203	0.004	0.730
neutral	0.014	0.000	0.003	0.005	0.149	0.002	0.826
neutral	0.026	0.000	0.006	0.008	0.201	0.003	0.756
neutral	0.017	0.000	0.007	0.018	0.197	0.005	0.757
neutral	0.016	0.000	0.007	0.015	0.204	0.006	0.751
neutral	0.019	0.000	0.007	0.035	0.193	0.004	0.741
neutral	0.036	0.001	0.008	0.021	0.193	0.005	0.736
neutral	0.018	0.000	0.007	0.007	0.173	0.005	0.789
neutral	0.027	0.000	0.006	0.004	0.196	0.004	0.762
neutral	0.008	0.000	0.006	0.006	0.147	0.004	0.829
neutral	0.029	0.001	0.008	0.018	0.192	0.006	0.746
neutral	0.022	0.001	0.007	0.028	0.172	0.006	0.765
neutral	0.028	0.002	0.007	0.017	0.189	0.003	0.754
neutral	0.020	0.001	0.006	0.022	0.175	0.004	0.772
neutral	0.014	0.000	0.005	0.007	0.112	0.004	0.858
neutral	0.021	0.000	0.007	0.007	0.199	0.004	0.762
neutral	0.018	0.000	0.010	0.014	0.245	0.007	0.706
neutral	0.012	0.000	0.009	0.016	0.229	0.006	0.728
neutral	0.019	0.001	0.008	0.014	0.193	0.006	0.759
neutral	0.027	0.000	0.006	0.004	0.306	0.003	0.653
neutral	0.035	0.001	0.006	0.004	0.227	0.005	0.722
neutral	0.022	0.001	0.004	0.009	0.136	0.004	0.824
neutral	0.014	0.000	0.006	0.009	0.121	0.004	0.846
neutral	0.018	0.001	0.006	0.010	0.149	0.004	0.813
neutral	0.022	0.001	0.005	0.008	0.167	0.004	0.794
neutral	0.018	0.000	0.010	0.020	0.204	0.010	0.738
neutral	0.028	0.000	0.006	0.016	0.181	0.004	0.764
neutral	0.020	0.001	0.008	0.011	0.177	0.005	0.779
neutral	0.020	0.000	0.008	0.006	0.167	0.004	0.796
neutral	0.018	0.000	0.006	0.006	0.141	0.004	0.825
neutral	0.012	0.000	0.005	0.024	0.113	0.004	0.841
neutral	0.011	0.000	0.006	0.009	0.127	0.004	0.843
neutral	0.020	0.000	0.006	0.010	0.142	0.004	0.817
neutral	0.013	0.000	0.004	0.008	0.092	0.003	0.880
neutral	0.012	0.000	0.007	0.016	0.184	0.004	0.778
neutral	0.023	0.000	0.007	0.014	0.152	0.005	0.799
neutral	0.009	0.001	0.004	0.006	0.192	0.004	0.784
neutral	0.076	0.000	0.009	0.004	0.246	0.003	0.661
neutral	0.036	0.001	0.007	0.012	0.160	0.006	0.779
neutral	0.028	0.001	0.006	0.010	0.111	0.003	0.840
neutral	0.013	0.001	0.005	0.010	0.156	0.004	0.812
neutral	0.023	0.000	0.005	0.009	0.130	0.004	0.827
neutral	0.056	0.001	0.014	0.012	0.188	0.004	0.725
neutral	0.089	0.000	0.010	0.009	0.250	0.009	0.633
neutral	0.058	0.000	0.007	0.008	0.184	0.006	0.736
neutral	0.074	0.001	0.011	0.017	0.138	0.008	0.751
neutral	0.047	0.001	0.008	0.015	0.151	0.005	0.773
neutral	0.068	0.001	0.010	0.017	0.147	0.012	0.745
neutral	0.065	0.000	0.006	0.011	0.166	0.008	0.743
neutral	0.083	0.000	0.007	0.014	0.173	0.007	0.716
neutral	0.088	0.000	0.007	0.007	0.249	0.009	0.640
neutral	0.081	0.000	0.006	0.009	0.200	0.008	0.696
neutral	0.064	0.000	0.008	0.012	0.177	0.008	0.731
neutral	0.054	0.000	0.007	0.011	0.195	0.016	0.717
neutral	0.056	0.000	0.007	0.007	0.178	0.006	0.747
neutral	0.035	0.000	0.005	0.010	0.150	0.008	0.791
neutral	0.022	0.000	0.007	0.009	0.187	0.008	0.767
neutral	0.076	0.000	0.007	0.013	0.281	0.017	0.606
neutral	0.100	0.000	0.005	0.012	0.194	0.010	0.680
neutral	0.028	0.001	0.004	0.006	0.110	0.008	0.843
neutral	0.076	0.000	0.005	0.008	0.235	0.008	0.668
neutral	0.081	0.000	0.006	0.015	0.240	0.014	0.643
neutral	0.066	0.001	0.011	0.018	0.187	0.012	0.707
neutral	0.095	0.000	0.008	0.011	0.278	0.012	0.596
neutral	0.057	0.000	0.006	0.007	0.200	0.005	0.726
neutral	0.080	0.000	0.008	0.012	0.197	0.009	0.695
neutral	0.056	0.000	0.006	0.009	0.199	0.005	0.724
neutral	0.044	0.000	0.008	0.013	0.350	0.008	0.577
neutral	0.044	0.000	0.011	0.010	0.333	0.005	0.597
neutral	0.064	0.000	0.005	0.008	0.191	0.005	0.726
neutral	0.056	0.001	0.009	0.013	0.167	0.008	0.746
neutral	0.023	0.000	0.004	0.006	0.110	0.005	0.852
neutral	0.055	0.001	0.008	0.014	0.140	0.008	0.774
neutral	0.056	0.001	0.009	0.014	0.147	0.009	0.764
neutral	0.080	0.000	0.011	0.009	0.314	0.013	0.574
neutral	0.044	0.000	0.009	0.005	0.175	0.004	0.762
neutral	0.017	0.000	0.012	0.026	0.235	0.008	0.701
neutral	0.010	0.000	0.004	0.007	0.106	0.004	0.868
neutral	0.085	0.000	0.007	0.012	0.203	0.007	0.685
neutral	0.026	0.001	0.005	0.007	0.141	0.005	0.815
neutral	0.077	0.001	0.012	0.010	0.178	0.014	0.710
neutral	0.078	0.000	0.008	0.011	0.213	0.010	0.680
neutral	0.031	0.001	0.008	0.010	0.199	0.008	0.744
neutral	0.084	0.000	0.012	0.011	0.227	0.010	0.656
neutral	0.018	0.000	0.007	0.013	0.212	0.005	0.744
neutral	0.018	0.000	0.009	0.015	0.214	0.007	0.737
neutral	0.024	0.001	0.004	0.013	0.127	0.004	0.828
neutral	0.039	0.001	0.008	0.007	0.225	0.006	0.715
neutral	0.022	0.000	0.007	0.008	0.211	0.004	0.748
neutral	0.035	0.001	0.009	0.025	0.197	0.006	0.727
neutral	0.010	0.000	0.005	0.012	0.146	0.003	0.824
neutral	0.033	0.001	0.008	0.022	0.144	0.006	0.787
neutral	0.033	0.001	0.010	0.032	0.185	0.007	0.732
neutral	0.034	0.000	0.010	0.018	0.228	0.005	0.705
neutral	0.014	0.000	0.009	0.016	0.181	0.010	0.769
neutral	0.021	0.000	0.007	0.015	0.154	0.005	0.798
neutral	0.020	0.000	0.004	0.021	0.140	0.003	0.812
neutral	0.037	0.002	0.006	0.015	0.141	0.004	0.795
neutral	0.023	0.001	0.006	0.015	0.215	0.005	0.735
neutral	0.021	0.001	0.004	0.007	0.127	0.004	0.836
neutral	0.027	0.002	0.003	0.009	0.118	0.004	0.838
neutral	0.040	0.003	0.008	0.020	0.128	0.008	0.793
neutral	0.024	0.001	0.005	0.008	0.147	0.004	0.810
neutral	0.036	0.002	0.005	0.008	0.133	0.005	0.810
neutral	0.034	0.002	0.006	0.025	0.096	0.008	0.830
neutral	0.033	0.001	0.004	0.009	0.130	0.005	0.818
neutral	0.024	0.001	0.007	0.011	0.108	0.008	0.841
neutral	0.019	0.001	0.004	0.009	0.078	0.005	0.882
neutral	0.038	0.001	0.005	0.014	0.123	0.007	0.812
neutral	0.031	0.001	0.007	0.024	0.099	0.009	0.828
neutral	0.022	0.001	0.006	0.031	0.089	0.008	0.843
neutral	0.019	0.002	0.003	0.022	0.105	0.004	0.846
neutral	0.015	0.000	0.004	0.031	0.137	0.005	0.808
neutral	0.023	0.001	0.007	0.019	0.128	0.007	0.814
neutral	0.026	0.000	0.005	0.007	0.273	0.006	0.683
neutral	0.020	0.000	0.011	0.041	0.163	0.006	0.759
neutral	0.017	0.000	0.006	0.011	0.125	0.004	0.838
neutral	0.025	0.000	0.005	0.009	0.106	0.005	0.850
neutral	0.030	0.000	0.004	0.006	0.115	0.005	0.839
neutral	0.020	0.000	0.004	0.006	0.136	0.006	0.829
neutral	0.039	0.000	0.004	0.010	0.172	0.005	0.770
neutral	0.034	0.001	0.004	0.008	0.166	0.005	0.782
neutral	0.027	0.000	0.005	0.006	0.134	0.004	0.824
neutral	0.021	0.000	0.004	0.005	0.124	0.004	0.841
neutral	0.028	0.000	0.008	0.013	0.131	0.007	0.813
neutral	0.032	0.000	0.004	0.005	0.208	0.006	0.745
neutral	0.029	0.000	0.005	0.007	0.188	0.003	0.769
neutral	0.027	0.000	0.004	0.006	0.177	0.005	0.780
neutral	0.025	0.001	0.008	0.014	0.118	0.007	0.828
neutral	0.023	0.000	0.005	0.004	0.144	0.004	0.820
neutral	0.023	0.002	0.008	0.030	0.156	0.009	0.772
neutral	0.025	0.000	0.013	0.036	0.220	0.012	0.693
neutral	0.026	0.000	0.007	0.009	0.176	0.003	0.780
neutral	0.030	0.000	0.005	0.005	0.161	0.003	0.795
neutral	0.017	0.000	0.008	0.037	0.159	0.006	0.772
neutral	0.025	0.000	0.017	0.038	0.189	0.008	0.724
neutral	0.018	0.000	0.009	0.027	0.159	0.005	0.780
neutral	0.019	0.000	0.012	0.054	0.190	0.014	0.711
neutral	0.021	0.000	0.008	0.050	0.207	0.014	0.699
neutral	0.022	0.000	0.014	0.028	0.236	0.015	0.685
neutral	0.013	0.000	0.006	0.009	0.153	0.004	0.814
neutral	0.018	0.000	0.009	0.061	0.188	0.013	0.711
neutral	0.025	0.000	0.014	0.035	0.231	0.017	0.678
neutral	0.018	0.000	0.007	0.007	0.194	0.004	0.770
neutral	0.021	0.000	0.011	0.070	0.154	0.016	0.728
neutral	0.031	0.000	0.008	0.053	0.277	0.006	0.626
neutral	0.030	0.000	0.005	0.080	0.187	0.012	0.686
neutral	0.018	0.000	0.009	0.088	0.179	0.007	0.698
neutral	0.032	0.001	0.005	0.012	0.152	0.007	0.792
neutral	0.076	0.000	0.007	0.012	0.275	0.010	0.620
neutral	0.029	0.000	0.004	0.021	0.078	0.010	0.858
neutral	0.042	0.000	0.006	0.017	0.088	0.015	0.831
neutral	0.034	0.000	0.004	0.018	0.095	0.010	0.838
neutral	0.061	0.000	0.004	0.014	0.110	0.015	0.795
neutral	0.087	0.000	0.007	0.021	0.200	0.024	0.660
neutral	0.058	0.000	0.005	0.020	0.110	0.023	0.784
neutral	0.033	0.000	0.004	0.009	0.114	0.012	0.827
neutral	0.015	0.000	0.008	0.032	0.252	0.004	0.689
neutral	0.052	0.000	0.011	0.066	0.306	0.019	0.546
neutral	0.015	0.000	0.010	0.091	0.195	0.009	0.678
neutral	0.017	0.000	0.007	0.038	0.288	0.004	0.645
neutral	0.018	0.000	0.009	0.069	0.209	0.006	0.690
neutral	0.025	0.000	0.012	0.032	0.255	0.008	0.669
neutral	0.015	0.000	0.006	0.036	0.210	0.006	0.728
neutral	0.026	0.000	0.011	0.075	0.231	0.008	0.649
neutral	0.023	0.000	0.014	0.106	0.158	0.022	0.676
neutral	0.020	0.000	0.008	0.041	0.227	0.006	0.696
neutral	0.028	0.001	0.009	0.030	0.198	0.009	0.725
neutral	0.022	0.000	0.012	0.036	0.154	0.010	0.767
neutral	0.034	0.001	0.006	0.031	0.138	0.009	0.780
neutral	0.023	0.000	0.004	0.049	0.109	0.005	0.808
neutral	0.040	0.000	0.006	0.006	0.259	0.004	0.684
neutral	0.021	0.000	0.005	0.007	0.167	0.004	0.797
neutral	0.025	0.000	0.006	0.016	0.134	0.004	0.815
neutral	0.040	0.002	0.008	0.033	0.167	0.008	0.741
neutral	0.019	0.001	0.005	0.032	0.136	0.006	0.800
neutral	0.017	0.000	0.003	0.015	0.107	0.002	0.856
neutral	0.022	0.000	0.005	0.006	0.110	0.006	0.851
neutral	0.027	0.000	0.004	0.006	0.099	0.008	0.856
neutral	0.034	0.000	0.005	0.008	0.121	0.009	0.823
neutral	0.022	0.000	0.003	0.005	0.077	0.004	0.889
neutral	0.058	0.000	0.006	0.012	0.157	0.017	0.751
neutral	0.026	0.000	0.006	0.008	0.132	0.004	0.822
neutral	0.029	0.000	0.005	0.007	0.165	0.008	0.786
neutral	0.017	0.000	0.003	0.022	0.066	0.005	0.887
neutral	0.055	0.000	0.005	0.010	0.178	0.009	0.742
neutral	0.040	0.000	0.004	0.015	0.116	0.008	0.816
neutral	0.035	0.000	0.005	0.011	0.143	0.008	0.798
neutral	0.027	0.000	0.005	0.010	0.106	0.010	0.843
neutral	0.083	0.001	0.007	0.020	0.130	0.015	0.744
neutral	0.070	0.000	0.005	0.014	0.150	0.015	0.745
neutral	0.014	0.000	0.004	0.011	0.104	0.004	0.863
neutral	0.013	0.000	0.005	0.009	0.136	0.005	0.832
neutral	0.044	0.000	0.006	0.010	0.270	0.006	0.663
neutral	0.026	0.001	0.006	0.022	0.136	0.006	0.803
neutral	0.026	0.000	0.009	0.010	0.215	0.005	0.736
neutral	0.018	0.000	0.008	0.133	0.135	0.011	0.695
neutral	0.023	0.000	0.008	0.064	0.149	0.012	0.744
neutral	0.029	0.000	0.007	0.005	0.177	0.003	0.779
neutral	0.034	0.000	0.005	0.004	0.165	0.005	0.786
neutral	0.024	0.000	0.006	0.010	0.134	0.005	0.822
neutral	0.056	0.000	0.005	0.005	0.352	0.011	0.572
neutral	0.034	0.000	0.004	0.004	0.224	0.004	0.730
neutral	0.043	0.000	0.003	0.007	0.297	0.004	0.646
neutral	0.053	0.000	0.004	0.007	0.280	0.003	0.653
neutral	0.046	0.000	0.003	0.007	0.289	0.006	0.649
neutral	0.042	0.000	0.006	0.011	0.204	0.003	0.733
neutral	0.031	0.000	0.004	0.007	0.319	0.002	0.637
neutral	0.040	0.000	0.005	0.003	0.243	0.007	0.701
neutral	0.031	0.000	0.006	0.005	0.175	0.004	0.778
neutral	0.031	0.000	0.007	0.015	0.149	0.004	0.794
neutral	0.028	0.000	0.007	0.010	0.192	0.003	0.760
neutral	0.033	0.000	0.009	0.007	0.186	0.004	0.760
neutral	0.029	0.000	0.007	0.008	0.186	0.003	0.767
neutral	0.020	0.000	0.017	0.064	0.290	0.011	0.597
neutral	0.024	0.001	0.016	0.058	0.296	0.014	0.592
neutral	0.021	0.000	0.007	0.066	0.186	0.014	0.706
neutral	0.030	0.000	0.006	0.030	0.182	0.014	0.737
neutral	0.023	0.000	0.007	0.046	0.205	0.014	0.705
neutral	0.023	0.000	0.010	0.040	0.282	0.008	0.637
neutral	0.046	0.000	0.008	0.012	0.318	0.012	0.604
neutral	0.023	0.000	0.006	0.012	0.172	0.009	0.778
neutral	0.029	0.000	0.018	0.010	0.335	0.008	0.601
neutral	0.027	0.000	0.005	0.011	0.135	0.008	0.813
neutral	0.031	0.000	0.007	0.013	0.168	0.015	0.765
neutral	0.039	0.000	0.009	0.019	0.199	0.010	0.725
neutral	0.058	0.000	0.013	0.044	0.207	0.010	0.668
neutral	0.024	0.000	0.005	0.011	0.147	0.007	0.806
neutral	0.019	0.000	0.005	0.010	0.129	0.008	0.828
neutral	0.032	0.000	0.006	0.015	0.155	0.006	0.788
neutral	0.024	0.000	0.003	0.022	0.107	0.004	0.841
neutral	0.018	0.000	0.003	0.009	0.113	0.004	0.853
neutral	0.038	0.000	0.008	0.021	0.203	0.008	0.722
neutral	0.022	0.000	0.008	0.012	0.332	0.010	0.615
neutral	0.063	0.001	0.012	0.011	0.332	0.008	0.573
neutral	0.048	0.001	0.007	0.012	0.289	0.010	0.634
neutral	0.080	0.000	0.007	0.016	0.222	0.009	0.665
neutral	0.105	0.001	0.008	0.012	0.287	0.017	0.571
neutral	0.099	0.000	0.006	0.021	0.210	0.014	0.649
neutral	0.045	0.000	0.003	0.018	0.207	0.009	0.717
neutral	0.026	0.000	0.015	0.036	0.285	0.008	0.628
neutral	0.052	0.000	0.011	0.019	0.167	0.008	0.742
neutral	0.047	0.001	0.007	0.027	0.147	0.007	0.762
neutral	0.041	0.001	0.010	0.019	0.192	0.009	0.729
neutral	0.023	0.000	0.010	0.011	0.291	0.003	0.662
neutral	0.031	0.001	0.014	0.020	0.275	0.007	0.652
neutral	0.037	0.000	0.007	0.010	0.280	0.006	0.660
neutral	0.021	0.000	0.010	0.027	0.308	0.011	0.622
neutral	0.014	0.000	0.008	0.025	0.248	0.011	0.694
neutral	0.037	0.001	0.015	0.026	0.294	0.008	0.618
neutral	0.038	0.000	0.006	0.015	0.154	0.005	0.782
neutral	0.032	0.000	0.003	0.008	0.179	0.004	0.773
neutral	0.026	0.000	0.003	0.010	0.185	0.003	0.772
neutral	0.039	0.002	0.007	0.026	0.192	0.007	0.727
neutral	0.051	0.000	0.003	0.011	0.221	0.005	0.709
neutral	0.035	0.001	0.008	0.010	0.283	0.004	0.659
neutral	0.035	0.000	0.013	0.014	0.359	0.008	0.571
neutral	0.026	0.000	0.006	0.008	0.324	0.003	0.633
neutral	0.022	0.000	0.010	0.042	0.236	0.014	0.675
neutral	0.031	0.001	0.010	0.021	0.205	0.005	0.728
neutral	0.027	0.000	0.008	0.010	0.216	0.003	0.737
neutral	0.021	0.001	0.008	0.018	0.215	0.002	0.735
neutral	0.029	0.000	0.005	0.003	0.318	0.005	0.639
neutral	0.053	0.000	0.006	0.009	0.338	0.004	0.589
neutral	0.042	0.000	0.004	0.004	0.309	0.009	0.632
neutral	0.014	0.000	0.006	0.045	0.208	0.012	0.714
neutral	0.028	0.000	0.008	0.007	0.272	0.003	0.682
neutral	0.034	0.002	0.012	0.044	0.214	0.013	0.681
neutral	0.020	0.000	0.012	0.046	0.272	0.014	0.636
neutral	0.037	0.001	0.014	0.028	0.235	0.014	0.672
neutral	0.031	0.000	0.007	0.008	0.189	0.002	0.763
neutral	0.045	0.004	0.014	0.038	0.261	0.005	0.634
neutral	0.039	0.003	0.005	0.047	0.176	0.006	0.723
neutral	0.034	0.000	0.005	0.011	0.148	0.002	0.801
neutral	0.045	0.001	0.009	0.018	0.159	0.006	0.762
neutral	0.049	0.000	0.007	0.007	0.204	0.005	0.729
neutral	0.036	0.000	0.006	0.007	0.304	0.004	0.644
neutral	0.020	0.000	0.006	0.010	0.169	0.002	0.793
neutral	0.037	0.000	0.008	0.007	0.371	0.003	0.573
neutral	0.026	0.002	0.019	0.044	0.380	0.012	0.517
neutral	0.031	0.001	0.017	0.033	0.302	0.013	0.603
neutral	0.029	0.001	0.015	0.030	0.299	0.008	0.618
neutral	0.038	0.002	0.013	0.029	0.337	0.012	0.569
neutral	0.026	0.000	0.014	0.057	0.361	0.010	0.531
sad	0.062	0.000	0.016	0.010	0.472	0.008	0.432
neutral	0.027	0.000	0.015	0.009	0.442	0.005	0.502
sad	0.024	0.002	0.016	0.021	0.469	0.006	0.463
neutral	0.033	0.000	0.009	0.017	0.320	0.006	0.616
neutral	0.021	0.000	0.013	0.008	0.400	0.004	0.554
neutral	0.018	0.001	0.013	0.032	0.365	0.006	0.565
neutral	0.018	0.000	0.007	0.029	0.252	0.007	0.687
neutral	0.022	0.000	0.007	0.032	0.248	0.008	0.683
neutral	0.013	0.001	0.009	0.035	0.365	0.014	0.563
neutral	0.022	0.001	0.012	0.038	0.439	0.008	0.480
neutral	0.022	0.001	0.010	0.054	0.391	0.009	0.515
neutral	0.021	0.000	0.006	0.031	0.262	0.008	0.672
neutral	0.044	0.000	0.010	0.010	0.401	0.006	0.529
neutral	0.029	0.001	0.015	0.043	0.440	0.007	0.465
sad	0.040	0.001	0.016	0.026	0.457	0.013	0.448
neutral	0.060	0.000	0.012	0.008	0.397	0.006	0.518
neutral	0.038	0.001	0.013	0.017	0.346	0.005	0.580
neutral	0.076	0.000	0.006	0.006	0.242	0.006	0.664
neutral	0.053	0.000	0.006	0.011	0.274	0.006	0.650
neutral	0.025	0.003	0.007	0.030	0.211	0.007	0.717
neutral	0.067	0.000	0.007	0.015	0.232	0.009	0.670
neutral	0.058	0.000	0.009	0.008	0.266	0.008	0.651
neutral	0.081	0.000	0.007	0.009	0.299	0.010	0.595
neutral	0.031	0.001	0.008	0.024	0.221	0.007	0.707
neutral	0.040	0.000	0.005	0.008	0.246	0.010	0.690
neutral	0.030	0.001	0.006	0.015	0.236	0.010	0.702
neutral	0.041	0.000	0.005	0.005	0.283	0.006	0.660
neutral	0.065	0.001	0.011	0.014	0.298	0.006	0.604
neutral	0.031	0.001	0.018	0.031	0.294	0.007	0.619
neutral	0.050	0.001	0.010	0.016	0.212	0.006	0.705
neutral	0.017	0.000	0.014	0.014	0.395	0.004	0.557
neutral	0.034	0.001	0.013	0.071	0.287	0.013	0.581
neutral	0.018	0.001	0.009	0.038	0.284	0.011	0.638
neutral	0.033	0.000	0.016	0.012	0.344	0.005	0.590
neutral	0.036	0.001	0.018	0.014	0.386	0.004	0.542
neutral	0.042	0.001	0.013	0.018	0.303	0.006	0.617
neutral	0.037	0.001	0.011	0.039	0.255	0.014	0.642
neutral	0.042	0.000	0.007	0.006	0.333	0.004	0.607
neutral	0.036	0.001	0.008	0.014	0.276	0.005	0.660
neutral	0.043	0.000	0.007	0.005	0.255	0.003	0.687
neutral	0.025	0.000	0.003	0.006	0.209	0.003	0.753
neutral	0.041	0.002	0.014	0.013	0.260	0.008	0.663
neutral	0.033	0.001	0.013	0.013	0.218	0.006	0.717
neutral	0.017	0.001	0.005	0.024	0.255	0.010	0.688
neutral	0.026	0.001	0.019	0.056	0.308	0.016	0.575
neutral	0.029	0.002	0.013	0.050	0.321	0.011	0.574
neutral	0.030	0.000	0.007	0.023	0.234	0.010	0.696
neutral	0.012	0.000	0.006	0.027	0.298	0.009	0.647
neutral	0.030	0.000	0.010	0.058	0.236	0.019	0.646
neutral	0.031	0.000	0.008	0.059	0.238	0.012	0.652
neutral	0.032	0.001	0.010	0.016	0.154	0.007	0.780
neutral	0.049	0.001	0.004	0.005	0.326	0.007	0.609
neutral	0.040	0.000	0.007	0.004	0.252	0.007	0.689
neutral	0.057	0.001	0.011	0.010	0.212	0.010	0.700
neutral	0.052	0.000	0.006	0.004	0.246	0.008	0.684
neutral	0.038	0.002	0.009	0.034	0.149	0.006	0.762
neutral	0.032	0.000	0.006	0.010	0.205	0.002	0.743
neutral	0.048	0.000	0.004	0.007	0.294	0.006	0.642
neutral	0.057	0.000	0.004	0.004	0.299	0.005	0.630
neutral	0.045	0.001	0.009	0.008	0.223	0.009	0.705
neutral	0.028	0.000	0.009	0.013	0.211	0.006	0.733
neutral	0.025	0.000	0.009	0.071	0.164	0.018	0.714
neutral	0.021	0.000	0.010	0.011	0.212	0.004	0.740
neutral	0.038	0.000	0.007	0.011	0.166	0.006	0.770
neutral	0.057	0.001	0.007	0.014	0.136	0.007	0.778
neutral	0.033	0.002	0.010	0.018	0.170	0.011	0.756
neutral	0.025	0.001	0.005	0.010	0.169	0.003	0.787
neutral	0.036	0.000	0.005	0.004	0.193	0.007	0.755
neutral	0.029	0.000	0.005	0.003	0.356	0.006	0.601
neutral	0.036	0.000	0.006	0.005	0.292	0.006	0.654
neutral	0.026	0.000	0.019	0.030	0.291	0.013	0.621
neutral	0.021	0.000	0.008	0.024	0.185	0.009	0.753
neutral	0.030	0.000	0.011	0.012	0.197	0.007	0.743
neutral	0.028	0.001	0.009	0.011	0.217	0.009	0.725
neutral	0.024	0.000	0.008	0.004	0.209	0.004	0.751
neutral	0.029	0.000	0.007	0.005	0.233	0.006	0.720
neutral	0.023	0.000	0.008	0.005	0.195	0.007	0.761
neutral	0.026	0.000	0.008	0.005	0.218	0.006	0.737
neutral	0.033	0.000	0.018	0.035	0.232	0.017	0.666
neutral	0.026	0.000	0.009	0.017	0.173	0.010	0.765
neutral	0.046	0.000	0.010	0.019	0.173	0.011	0.740
neutral	0.022	0.000	0.007	0.021	0.157	0.006	0.787
neutral	0.034	0.000	0.015	0.025	0.237	0.013	0.677
neutral	0.014	0.000	0.010	0.014	0.194	0.006	0.763
neutral	0.038	0.000	0.017	0.030	0.274	0.020	0.620
sad	0.018	0.000	0.008	0.004	0.492	0.003	0.474
neutral	0.014	0.000	0.008	0.010	0.229	0.004	0.734
neutral	0.017	0.000	0.009	0.004	0.314	0.007	0.649
neutral	0.022	0.000	0.010	0.016	0.193	0.006	0.753
neutral	0.022	0.001	0.006	0.005	0.187	0.004	0.775
neutral	0.030	0.000	0.004	0.003	0.267	0.005	0.690
neutral	0.022	0.001	0.005	0.004	0.165	0.006	0.797
neutral	0.032	0.001	0.005	0.005	0.160	0.006	0.792
neutral	0.021	0.001	0.006	0.019	0.195	0.004	0.754
neutral	0.026	0.000	0.005	0.005	0.351	0.004	0.609
neutral	0.026	0.000	0.005	0.002	0.345	0.008	0.614
neutral	0.024	0.001	0.007	0.012	0.167	0.008	0.782
neutral	0.025	0.001	0.006	0.023	0.189	0.008	0.747
neutral	0.030	0.000	0.007	0.005	0.315	0.004	0.639
neutral	0.049	0.001	0.014	0.013	0.263	0.009	0.652
neutral	0.039	0.001	0.020	0.050	0.287	0.011	0.592
neutral	0.022	0.000	0.020	0.081	0.262	0.029	0.585
neutral	0.022	0.002	0.018	0.063	0.297	0.018	0.580
neutral	0.015	0.000	0.005	0.019	0.237	0.008	0.716
neutral	0.021	0.001	0.008	0.029	0.176	0.010	0.755
neutral	0.050	0.003	0.012	0.017	0.223	0.009	0.687
neutral	0.034	0.001	0.007	0.030	0.149	0.011	0.769
neutral	0.024	0.000	0.005	0.004	0.201	0.004	0.761
neutral	0.021	0.000	0.005	0.003	0.389	0.003	0.579
neutral	0.037	0.001	0.016	0.035	0.257	0.011	0.644
neutral	0.023	0.000	0.008	0.004	0.329	0.002	0.634
neutral	0.037	0.000	0.017	0.047	0.237	0.013	0.649
neutral	0.015	0.000	0.009	0.006	0.293	0.004	0.673
neutral	0.019	0.001	0.010	0.018	0.254	0.008	0.691
neutral	0.033	0.000	0.009	0.006	0.218	0.007	0.727
neutral	0.023	0.001	0.006	0.044	0.144	0.009	0.774
neutral	0.032	0.002	0.008	0.020	0.186	0.006	0.746
neutral	0.026	0.001	0.007	0.011	0.167	0.012	0.776
neutral	0.044	0.001	0.009	0.009	0.192	0.009	0.735
neutral	0.044	0.000	0.008	0.004	0.305	0.007	0.631
neutral	0.034	0.000	0.006	0.004	0.215	0.005	0.735
neutral	0.035	0.001	0.008	0.011	0.171	0.007	0.767
neutral	0.025	0.000	0.007	0.003	0.296	0.003	0.666
neutral	0.035	0.000	0.011	0.034	0.215	0.012	0.693
neutral	0.037	0.000	0.009	0.008	0.171	0.005	0.770
neutral	0.048	0.000	0.008	0.012	0.188	0.012	0.731
neutral	0.041	0.002	0.015	0.020	0.224	0.010	0.688
neutral	0.037	0.000	0.008	0.006	0.177	0.005	0.768
neutral	0.044	0.001	0.009	0.022	0.168	0.007	0.749
neutral	0.032	0.002	0.012	0.030	0.242	0.009	0.673
neutral	0.022	0.001	0.011	0.021	0.263	0.012	0.670
neutral	0.028	0.001	0.012	0.027	0.256	0.011	0.665
neutral	0.028	0.000	0.006	0.029	0.210	0.013	0.714
neutral	0.032	0.000	0.007	0.027	0.220	0.011	0.702
neutral	0.035	0.000	0.006	0.013	0.265	0.007	0.674
neutral	0.018	0.000	0.008	0.023	0.230	0.014	0.706
neutral	0.023	0.000	0.007	0.017	0.219	0.011	0.723
neutral	0.018	0.001	0.017	0.024	0.330	0.010	0.599
neutral	0.025	0.000	0.006	0.018	0.229	0.010	0.711
neutral	0.025	0.000	0.007	0.019	0.275	0.010	0.664
neutral	0.028	0.000	0.009	0.014	0.277	0.010	0.661
neutral	0.033	0.000	0.009	0.014	0.318	0.011	0.614
neutral	0.020	0.000	0.009	0.016	0.273	0.014	0.668
neutral	0.034	0.000	0.013	0.012	0.259	0.006	0.674
neutral	0.018	0.001	0.010	0.015	0.230	0.007	0.718
neutral	0.023	0.001	0.007	0.007	0.263	0.002	0.698
neutral	0.043	0.001	0.013	0.013	0.245	0.008	0.677
neutral	0.030	0.000	0.007	0.007	0.203	0.003	0.750
neutral	0.025	0.002	0.009	0.013	0.199	0.012	0.739
neutral	0.021	0.001	0.008	0.023	0.203	0.012	0.733
neutral	0.047	0.000	0.004	0.004	0.296	0.005	0.645
neutral	0.028	0.000	0.008	0.026	0.187	0.014	0.738
neutral	0.037	0.000	0.010	0.010	0.204	0.007	0.731
neutral	0.015	0.001	0.006	0.021	0.187	0.008	0.763
neutral	0.049	0.001	0.011	0.008	0.211	0.007	0.714
neutral	0.041	0.001	0.009	0.011	0.191	0.011	0.736
neutral	0.034	0.000	0.006	0.006	0.260	0.004	0.690
neutral	0.019	0.001	0.007	0.030	0.257	0.012	0.675
neutral	0.061	0.001	0.017	0.009	0.352	0.006	0.555
neutral	0.025	0.001	0.012	0.011	0.274	0.005	0.671
neutral	0.024	0.000	0.007	0.004	0.462	0.003	0.500
neutral	0.046	0.000	0.012	0.005	0.406	0.003	0.528
neutral	0.021	0.001	0.008	0.033	0.199	0.009	0.729
neutral	0.030	0.001	0.007	0.018	0.142	0.010	0.792
neutral	0.030	0.002	0.014	0.014	0.265	0.007	0.667
neutral	0.069	0.000	0.008	0.006	0.253	0.004	0.660
neutral	0.029	0.001	0.009	0.025	0.245	0.014	0.677
neutral	0.053	0.000	0.008	0.009	0.238	0.006	0.686
neutral	0.022	0.002	0.011	0.016	0.216	0.004	0.729
neutral	0.050	0.001	0.014	0.007	0.310	0.005	0.613
neutral	0.016	0.000	0.009	0.033	0.224	0.010	0.707
neutral	0.013	0.000	0.007	0.027	0.276	0.009	0.668
neutral	0.016	0.000	0.010	0.031	0.246	0.009	0.688
neutral	0.021	0.000	0.013	0.036	0.327	0.014	0.589
neutral	0.015	0.000	0.005	0.016	0.188	0.010	0.766
neutral	0.027	0.001	0.008	0.030	0.165	0.012	0.758
neutral	0.038	0.001	0.011	0.019	0.222	0.013	0.695
neutral	0.030	0.001	0.006	0.027	0.203	0.015	0.717
neutral	0.057	0.000	0.008	0.004	0.292	0.007	0.633
neutral	0.056	0.000	0.009	0.005	0.251	0.006	0.673
neutral	0.037	0.001	0.008	0.020	0.176	0.009	0.748
neutral	0.074	0.000	0.011	0.007	0.257	0.009	0.642
neutral	0.048	0.001	0.010	0.012	0.188	0.013	0.727
neutral	0.028	0.001	0.011	0.008	0.245	0.006	0.702
neutral	0.020	0.001	0.009	0.036	0.196	0.012	0.727
neutral	0.022	0.000	0.009	0.032	0.295	0.012	0.630
neutral	0.031	0.000	0.020	0.009	0.373	0.009	0.558
neutral	0.061	0.000	0.012	0.006	0.366	0.004	0.551
neutral	0.029	0.001	0.008	0.036	0.179	0.012	0.736
neutral	0.043	0.001	0.007	0.024	0.171	0.010	0.745
neutral	0.018	0.000	0.007	0.026	0.317	0.013	0.619
neutral	0.036	0.000	0.010	0.014	0.282	0.005	0.652
neutral	0.022	0.001	0.013	0.019	0.252	0.011	0.683
neutral	0.040	0.002	0.010	0.038	0.214	0.013	0.684
neutral	0.025	0.000	0.006	0.035	0.154	0.005	0.774
neutral	0.032	0.001	0.006	0.026	0.127	0.007	0.800
neutral	0.053	0.001	0.007	0.036	0.108	0.011	0.785
neutral	0.031	0.000	0.006	0.005	0.157	0.004	0.797
neutral	0.040	0.000	0.009	0.038	0.144	0.020	0.748
neutral	0.033	0.001	0.008	0.035	0.191	0.011	0.720
neutral	0.044	0.000	0.009	0.008	0.221	0.010	0.707
neutral	0.029	0.000	0.007	0.007	0.212	0.006	0.739
neutral	0.032	0.000	0.008	0.009	0.200	0.009	0.742
neutral	0.025	0.000	0.010	0.013	0.142	0.010	0.800
neutral	0.029	0.001	0.008	0.014	0.179	0.006	0.764
neutral	0.031	0.001	0.009	0.021	0.192	0.008	0.738
neutral	0.033	0.000	0.006	0.032	0.129	0.018	0.782
neutral	0.018	0.000	0.010	0.021	0.276	0.006	0.669
neutral	0.013	0.000	0.008	0.018	0.235	0.005	0.721
neutral	0.031	0.000	0.007	0.026	0.145	0.009	0.782
neutral	0.043	0.000	0.006	0.006	0.273	0.004	0.668
neutral	0.024	0.000	0.011	0.016	0.234	0.006	0.708
neutral	0.032	0.000	0.009	0.013	0.211	0.009	0.726
neutral	0.022	0.000	0.008	0.013	0.213	0.010	0.734
neutral	0.021	0.000	0.013	0.031	0.294	0.012	0.630
neutral	0.031	0.000	0.010	0.019	0.170	0.013	0.758
neutral	0.031	0.001	0.009	0.012	0.189	0.006	0.752
neutral	0.030	0.000	0.009	0.012	0.219	0.008	0.721
