prediction	angry	disgust	fear	happy	sad	surprise	neutral
angry	0.711	0.001	0.033	0.027	0.052	0.002	0.174
angry	0.741	0.003	0.031	0.017	0.037	0.002	0.169
angry	0.740	0.005	0.032	0.020	0.029	0.003	0.171
angry	0.695	0.001	0.038	0.011	0.081	0.007	0.168
angry	0.710	0.001	0.030	0.012	0.063	0.003	0.182
neutral	0.267	0.011	0.046	0.067	0.177	0.004	0.428
angry	0.612	0.005	0.039	0.023	0.089	0.003	0.229
angry	0.675	0.002	0.028	0.016	0.049	0.002	0.228
angry	0.728	0.002	0.025	0.015	0.032	0.001	0.196
angry	0.718	0.006	0.024	0.028	0.020	0.004	0.201
angry	0.783	0.001	0.026	0.014	0.036	0.002	0.138
angry	0.807	0.001	0.014	0.010	0.020	0.001	0.147
angry	0.730	0.001	0.022	0.017	0.029	0.003	0.198
angry	0.706	0.002	0.022	0.015	0.027	0.001	0.226
angry	0.744	0.001	0.034	0.011	0.039	0.003	0.167
angry	0.772	0.000	0.019	0.008	0.045	0.002	0.154
angry	0.798	0.003	0.024	0.016	0.023	0.003	0.133
angry	0.795	0.002	0.021	0.014	0.024	0.001	0.142
angry	0.799	0.003	0.022	0.011	0.036	0.003	0.126
angry	0.759	0.002	0.020	0.013	0.029	0.002	0.175
angry	0.694	0.001	0.028	0.020	0.065	0.004	0.188
angry	0.713	0.001	0.030	0.024	0.045	0.003	0.183
angry	0.714	0.000	0.024	0.026	0.026	0.003	0.207
angry	0.812	0.000	0.016	0.007	0.020	0.002	0.143
angry	0.731	0.001	0.026	0.009	0.062	0.002	0.169
angry	0.773	0.001	0.020	0.017	0.030	0.003	0.156
angry	0.773	0.001	0.021	0.019	0.026	0.002	0.158
angry	0.803	0.000	0.014	0.008	0.028	0.002	0.145
angry	0.839	0.000	0.014	0.008	0.026	0.002	0.111
angry	0.861	0.000	0.012	0.006	0.019	0.002	0.100
angry	0.826	0.000	0.016	0.009	0.025	0.002	0.122
angry	0.790	0.000	0.016	0.009	0.022	0.002	0.162
angry	0.828	0.000	0.025	0.011	0.025	0.002	0.109
angry	0.857	0.000	0.014	0.006	0.024	0.001	0.099
angry	0.873	0.000	0.014	0.013	0.021	0.001	0.078
angry	0.862	0.000	0.013	0.005	0.031	0.001	0.087
angry	0.803	0.000	0.018	0.009	0.045	0.001	0.124
angry	0.846	0.000	0.013	0.005	0.030	0.001	0.106
angry	0.802	0.000	0.013	0.006	0.033	0.001	0.145
angry	0.833	0.000	0.013	0.005	0.033	0.001	0.115
angry	0.856	0.000	0.012	0.006	0.018	0.001	0.108
angry	0.895	0.000	0.009	0.004	0.016	0.001	0.076
angry	0.879	0.000	0.010	0.004	0.018	0.001	0.089
angry	0.848	0.000	0.013	0.006	0.020	0.001	0.113
angry	0.861	0.000	0.011	0.006	0.017	0.001	0.105
angry	0.900	0.000	0.006	0.004	0.010	0.000	0.080
angry	0.804	0.000	0.011	0.007	0.022	0.001	0.155
angry	0.775	0.000	0.017	0.013	0.043	0.003	0.148
angry	0.826	0.000	0.012	0.009	0.024	0.001	0.128
angry	0.829	0.000	0.012	0.010	0.023	0.001	0.126
angry	0.841	0.000	0.009	0.004	0.018	0.001	0.127
angry	0.858	0.000	0.016	0.004	0.040	0.001	0.081
angry	0.854	0.000	0.011	0.005	0.034	0.001	0.094
angry	0.825	0.000	0.010	0.005	0.045	0.001	0.113
angry	0.832	0.000	0.012	0.004	0.026	0.000	0.126
angry	0.441	0.001	0.034	0.032	0.148	0.002	0.342
neutral	0.261	0.002	0.021	0.034	0.186	0.002	0.495
angry	0.388	0.001	0.027	0.011	0.273	0.001	0.300
angry	0.432	0.001	0.032	0.005	0.249	0.001	0.280
angry	0.544	0.001	0.037	0.007	0.185	0.001	0.226
angry	0.727	0.000	0.030	0.009	0.076	0.001	0.156
angry	0.796	0.000	0.018	0.007	0.052	0.002	0.126
angry	0.825	0.000	0.016	0.006	0.030	0.001	0.123
angry	0.777	0.000	0.014	0.008	0.031	0.001	0.169
angry	0.810	0.000	0.013	0.006	0.024	0.001	0.146
angry	0.832	0.000	0.013	0.004	0.039	0.001	0.111
angry	0.855	0.000	0.010	0.003	0.026	0.001	0.105
angry	0.761	0.000	0.016	0.017	0.051	0.002	0.154
angry	0.857	0.000	0.011	0.007	0.040	0.001	0.084
angry	0.662	0.001	0.023	0.030	0.071	0.004	0.209
angry	0.832	0.000	0.012	0.006	0.042	0.001	0.108
angry	0.698	0.001	0.034	0.008	0.102	0.002	0.156
angry	0.717	0.000	0.040	0.008	0.100	0.002	0.133
angry	0.784	0.000	0.018	0.006	0.066	0.001	0.124
angry	0.830	0.000	0.028	0.016	0.036	0.002	0.088
angry	0.794	0.000	0.030	0.020	0.029	0.002	0.125
angry	0.747	0.000	0.030	0.015	0.030	0.001	0.177
angry	0.875	0.000	0.011	0.011	0.011	0.001	0.090
angry	0.839	0.000	0.011	0.013	0.015	0.001	0.122
angry	0.823	0.000	0.015	0.013	0.020	0.001	0.128
angry	0.795	0.000	0.012	0.008	0.022	0.001	0.162
angry	0.803	0.000	0.010	0.005	0.030	0.001	0.151
angry	0.810	0.000	0.007	0.006	0.021	0.000	0.156
angry	0.805	0.000	0.006	0.004	0.017	0.001	0.167
angry	0.764	0.000	0.008	0.005	0.033	0.001	0.190
angry	0.723	0.000	0.011	0.007	0.045	0.001	0.213
angry	0.654	0.000	0.010	0.013	0.032	0.002	0.289
angry	0.836	0.000	0.004	0.005	0.014	0.000	0.141
angry	0.835	0.000	0.003	0.005	0.012	0.000	0.144
angry	0.864	0.000	0.003	0.006	0.010	0.001	0.117
angry	0.758	0.000	0.003	0.010	0.020	0.001	0.207
angry	0.785	0.000	0.004	0.020	0.011	0.001	0.178
angry	0.826	0.000	0.002	0.011	0.009	0.001	0.151
angry	0.848	0.000	0.002	0.008	0.008	0.000	0.133
angry	0.863	0.000	0.003	0.009	0.014	0.001	0.111
angry	0.834	0.000	0.002	0.007	0.016	0.001	0.140
angry	0.713	0.000	0.007	0.013	0.020	0.002	0.246
angry	0.857	0.000	0.004	0.008	0.018	0.001	0.112
angry	0.602	0.000	0.018	0.089	0.029	0.006	0.254
neutral	0.328	0.000	0.005	0.194	0.023	0.004	0.447
angry	0.532	0.000	0.010	0.180	0.018	0.006	0.254
neutral	0.415	0.000	0.007	0.088	0.022	0.003	0.465
neutral	0.402	0.000	0.006	0.098	0.014	0.007	0.473
angry	0.482	0.000	0.005	0.074	0.012	0.002	0.424
angry	0.720	0.000	0.005	0.028	0.009	0.002	0.237
angry	0.446	0.000	0.005	0.112	0.010	0.005	0.422
angry	0.543	0.000	0.004	0.077	0.010	0.004	0.363
angry	0.633	0.000	0.004	0.053	0.011	0.003	0.296
angry	0.532	0.000	0.004	0.052	0.011	0.003	0.399
angry	0.544	0.000	0.009	0.096	0.019	0.004	0.328
angry	0.495	0.000	0.007	0.057	0.019	0.003	0.418
angry	0.668	0.000	0.007	0.058	0.012	0.004	0.251
angry	0.656	0.000	0.003	0.028	0.009	0.001	0.302
angry	0.717	0.000	0.004	0.027	0.012	0.001	0.239
angry	0.626	0.000	0.004	0.049	0.011	0.004	0.307
angry	0.684	0.000	0.006	0.020	0.025	0.002	0.264
angry	0.567	0.000	0.007	0.026	0.035	0.003	0.362
angry	0.558	0.000	0.004	0.052	0.027	0.007	0.351
angry	0.655	0.000	0.006	0.064	0.035	0.009	0.230
angry	0.730	0.000	0.005	0.029	0.036	0.004	0.196
angry	0.808	0.000	0.004	0.023	0.020	0.005	0.141
angry	0.837	0.000	0.005	0.010	0.020	0.003	0.125
angry	0.745	0.000	0.011	0.021	0.020	0.007	0.196
angry	0.721	0.000	0.010	0.032	0.036	0.009	0.192
angry	0.783	0.000	0.015	0.015	0.027	0.008	0.152
angry	0.711	0.000	0.015	0.043	0.039	0.012	0.181
angry	0.695	0.001	0.038	0.013	0.090	0.003	0.162
angry	0.739	0.000	0.032	0.039	0.026	0.009	0.155
angry	0.731	0.000	0.016	0.029	0.024	0.006	0.193
angry	0.777	0.000	0.018	0.025	0.027	0.002	0.150
angry	0.661	0.000	0.022	0.045	0.025	0.004	0.243
angry	0.777	0.000	0.012	0.013	0.025	0.001	0.171
angry	0.748	0.000	0.021	0.032	0.022	0.004	0.173
angry	0.437	0.000	0.039	0.125	0.076	0.004	0.318
angry	0.367	0.000	0.033	0.215	0.047	0.004	0.333
angry	0.328	0.000	0.030	0.282	0.032	0.003	0.324
neutral	0.344	0.000	0.026	0.240	0.028	0.003	0.358
happy	0.054	0.000	0.016	0.730	0.015	0.002	0.183
happy	0.097	0.000	0.027	0.693	0.015	0.005	0.162
happy	0.021	0.000	0.006	0.933	0.004	0.004	0.033
happy	0.045	0.000	0.011	0.862	0.008	0.003	0.070
happy	0.114	0.000	0.024	0.743	0.014	0.010	0.095
happy	0.042	0.000	0.005	0.904	0.004	0.003	0.042
happy	0.036	0.000	0.004	0.918	0.003	0.002	0.038
happy	0.031	0.000	0.003	0.931	0.003	0.001	0.030
happy	0.053	0.000	0.007	0.879	0.007	0.003	0.050
happy	0.027	0.000	0.003	0.938	0.002	0.001	0.029
happy	0.017	0.000	0.002	0.956	0.002	0.000	0.022
happy	0.013	0.000	0.002	0.962	0.001	0.000	0.022
happy	0.012	0.000	0.001	0.962	0.001	0.000	0.023
happy	0.010	0.000	0.001	0.945	0.003	0.001	0.040
happy	0.013	0.000	0.002	0.930	0.005	0.001	0.050
happy	0.019	0.000	0.002	0.940	0.002	0.001	0.036
happy	0.029	0.000	0.003	0.927	0.003	0.001	0.037
happy	0.027	0.000	0.003	0.928	0.002	0.001	0.039
happy	0.015	0.000	0.002	0.959	0.002	0.001	0.021
happy	0.036	0.000	0.005	0.922	0.003	0.002	0.032
happy	0.041	0.000	0.007	0.906	0.004	0.003	0.039
happy	0.025	0.000	0.008	0.924	0.006	0.003	0.034
happy	0.064	0.000	0.017	0.822	0.013	0.008	0.076
happy	0.062	0.000	0.017	0.863	0.007	0.004	0.047
happy	0.175	0.000	0.067	0.599	0.026	0.011	0.121
happy	0.241	0.000	0.062	0.455	0.030	0.004	0.207
angry	0.415	0.001	0.070	0.155	0.030	0.003	0.326
angry	0.579	0.001	0.071	0.090	0.070	0.004	0.187
angry	0.626	0.001	0.061	0.051	0.063	0.005	0.193
angry	0.560	0.000	0.060	0.060	0.091	0.002	0.226
angry	0.484	0.001	0.036	0.208	0.021	0.004	0.247
angry	0.666	0.001	0.036	0.077	0.032	0.004	0.184
angry	0.653	0.001	0.032	0.076	0.032	0.004	0.202
angry	0.649	0.001	0.039	0.070	0.037	0.004	0.200
angry	0.681	0.001	0.041	0.092	0.032	0.004	0.150
angry	0.612	0.000	0.062	0.034	0.093	0.005	0.193
angry	0.628	0.001	0.040	0.066	0.045	0.002	0.217
angry	0.627	0.000	0.026	0.085	0.036	0.003	0.224
angry	0.789	0.000	0.019	0.044	0.022	0.001	0.125
angry	0.646	0.000	0.026	0.080	0.037	0.006	0.205
angry	0.568	0.000	0.017	0.182	0.022	0.002	0.208
angry	0.478	0.001	0.050	0.139	0.084	0.008	0.240
angry	0.503	0.001	0.080	0.187	0.038	0.004	0.188
angry	0.439	0.000	0.051	0.239	0.032	0.003	0.236
angry	0.606	0.000	0.051	0.084	0.061	0.005	0.192
angry	0.564	0.001	0.038	0.092	0.045	0.004	0.256
angry	0.429	0.000	0.042	0.180	0.034	0.002	0.313
angry	0.581	0.000	0.066	0.135	0.039	0.003	0.175
happy	0.062	0.000	0.041	0.718	0.016	0.010	0.153
happy	0.203	0.000	0.065	0.594	0.083	0.012	0.043
sad	0.154	0.000	0.178	0.216	0.392	0.018	0.041
sad	0.145	0.000	0.225	0.216	0.355	0.008	0.050
happy	0.174	0.000	0.120	0.524	0.100	0.029	0.053
fear	0.351	0.001	0.351	0.193	0.042	0.006	0.057
happy	0.289	0.001	0.265	0.323	0.039	0.007	0.075
angry	0.368	0.000	0.177	0.291	0.050	0.010	0.103
angry	0.517	0.000	0.180	0.117	0.053	0.008	0.126
angry	0.370	0.000	0.052	0.237	0.040	0.012	0.290
happy	0.143	0.000	0.014	0.409	0.031	0.006	0.397
neutral	0.321	0.000	0.020	0.178	0.015	0.008	0.458
neutral	0.274	0.000	0.035	0.178	0.053	0.002	0.457
angry	0.505	0.000	0.043	0.055	0.060	0.001	0.336
neutral	0.184	0.000	0.018	0.273	0.026	0.003	0.494
neutral	0.222	0.001	0.024	0.265	0.024	0.005	0.459
neutral	0.298	0.000	0.029	0.207	0.029	0.005	0.431
neutral	0.210	0.000	0.013	0.306	0.023	0.003	0.444
angry	0.594	0.000	0.018	0.142	0.016	0.004	0.225
angry	0.608	0.000	0.024	0.146	0.020	0.003	0.199
angry	0.481	0.000	0.013	0.173	0.015	0.003	0.315
happy	0.300	0.000	0.017	0.414	0.013	0.004	0.252
angry	0.434	0.000	0.015	0.247	0.019	0.003	0.282
angry	0.502	0.000	0.029	0.201	0.029	0.002	0.237
angry	0.451	0.000	0.023	0.227	0.036	0.002	0.261
neutral	0.299	0.000	0.018	0.310	0.014	0.005	0.355
neutral	0.260	0.000	0.032	0.235	0.032	0.006	0.435
neutral	0.224	0.000	0.028	0.267	0.030	0.008	0.442
angry	0.506	0.000	0.025	0.183	0.032	0.002	0.251
neutral	0.175	0.000	0.012	0.356	0.014	0.007	0.435
angry	0.390	0.000	0.025	0.156	0.045	0.003	0.380
neutral	0.286	0.001	0.027	0.296	0.035	0.007	0.349
neutral	0.279	0.000	0.019	0.276	0.032	0.004	0.390
angry	0.364	0.000	0.039	0.188	0.050	0.003	0.356
angry	0.356	0.000	0.030	0.249	0.034	0.003	0.327
neutral	0.385	0.000	0.024	0.144	0.042	0.002	0.403
angry	0.487	0.000	0.023	0.154	0.046	0.003	0.286
angry	0.575	0.000	0.010	0.142	0.021	0.001	0.250
neutral	0.291	0.000	0.024	0.271	0.044	0.005	0.365
angry	0.401	0.000	0.032	0.229	0.053	0.003	0.283
neutral	0.263	0.001	0.055	0.258	0.085	0.004	0.334
neutral	0.284	0.000	0.023	0.304	0.035	0.003	0.350
angry	0.429	0.001	0.030	0.131	0.056	0.003	0.351
happy	0.319	0.000	0.013	0.423	0.015	0.002	0.228
angry	0.512	0.000	0.014	0.269	0.010	0.002	0.193
neutral	0.280	0.000	0.036	0.180	0.078	0.002	0.423
neutral	0.290	0.000	0.032	0.167	0.067	0.003	0.441
neutral	0.325	0.000	0.033	0.166	0.062	0.004	0.410
neutral	0.324	0.000	0.028	0.166	0.072	0.003	0.406
neutral	0.253	0.001	0.033	0.162	0.058	0.003	0.490
neutral	0.227	0.001	0.028	0.340	0.040	0.004	0.361
neutral	0.215	0.000	0.036	0.323	0.051	0.005	0.370
angry	0.348	0.000	0.038	0.273	0.037	0.004	0.301
angry	0.460	0.000	0.015	0.187	0.023	0.002	0.314
angry	0.435	0.000	0.037	0.179	0.048	0.002	0.299
angry	0.500	0.000	0.015	0.155	0.026	0.002	0.302
angry	0.564	0.000	0.010	0.132	0.018	0.001	0.275
neutral	0.322	0.000	0.049	0.215	0.060	0.003	0.350
angry	0.506	0.000	0.011	0.212	0.012	0.002	0.257
angry	0.421	0.000	0.017	0.223	0.024	0.002	0.313
angry	0.503	0.000	0.012	0.218	0.019	0.001	0.246
neutral	0.215	0.001	0.050	0.196	0.073	0.004	0.462
neutral	0.235	0.001	0.047	0.234	0.080	0.004	0.399
neutral	0.313	0.000	0.013	0.305	0.026	0.001	0.341
angry	0.435	0.000	0.021	0.210	0.036	0.002	0.297
angry	0.362	0.000	0.008	0.336	0.013	0.001	0.280
angry	0.397	0.000	0.008	0.273	0.015	0.001	0.305
angry	0.456	0.000	0.007	0.265	0.009	0.001	0.261
angry	0.484	0.000	0.016	0.203	0.021	0.002	0.273
angry	0.417	0.000	0.037	0.164	0.050	0.003	0.328
angry	0.553	0.000	0.017	0.111	0.029	0.001	0.288
angry	0.462	0.000	0.024	0.197	0.028	0.003	0.286
neutral	0.283	0.000	0.021	0.261	0.044	0.003	0.388
angry	0.406	0.000	0.009	0.204	0.021	0.001	0.358
angry	0.460	0.000	0.021	0.222	0.024	0.002	0.271
angry	0.433	0.000	0.021	0.214	0.024	0.002	0.306
angry	0.505	0.000	0.016	0.176	0.028	0.001	0.273
angry	0.450	0.000	0.009	0.293	0.010	0.003	0.235
angry	0.405	0.000	0.022	0.206	0.036	0.001	0.329
angry	0.445	0.000	0.013	0.248	0.019	0.002	0.274
angry	0.631	0.000	0.012	0.109	0.018	0.001	0.228
angry	0.470	0.000	0.021	0.122	0.043	0.001	0.343
angry	0.548	0.000	0.010	0.265	0.008	0.002	0.168
angry	0.537	0.000	0.010	0.298	0.008	0.001	0.145
angry	0.521	0.000	0.020	0.133	0.022	0.001	0.302
angry	0.612	0.000	0.013	0.103	0.018	0.002	0.252
angry	0.675	0.000	0.009	0.129	0.010	0.001	0.177
angry	0.777	0.000	0.009	0.052	0.010	0.001	0.151
angry	0.699	0.000	0.007	0.119	0.008	0.001	0.165
angry	0.451	0.000	0.025	0.153	0.037	0.003	0.332
angry	0.580	0.000	0.021	0.091	0.026	0.002	0.280
angry	0.510	0.000	0.020	0.137	0.031	0.003	0.300
angry	0.747	0.000	0.008	0.085	0.008	0.002	0.151
angry	0.634	0.000	0.012	0.105	0.019	0.004	0.226
neutral	0.343	0.001	0.024	0.185	0.047	0.005	0.395
angry	0.463	0.000	0.025	0.104	0.060	0.003	0.345
angry	0.718	0.000	0.012	0.041	0.030	0.001	0.199
angry	0.482	0.000	0.015	0.095	0.036	0.003	0.368
angry	0.755	0.000	0.010	0.037	0.023	0.001	0.175
angry	0.627	0.000	0.013	0.062	0.018	0.001	0.278
angry	0.758	0.000	0.012	0.047	0.015	0.001	0.166
angry	0.842	0.000	0.008	0.037	0.006	0.001	0.107
angry	0.751	0.000	0.010	0.107	0.007	0.001	0.124
angry	0.798	0.000	0.009	0.044	0.010	0.002	0.137
angry	0.665	0.000	0.013	0.096	0.012	0.002	0.212
angry	0.833	0.000	0.014	0.008	0.026	0.001	0.119
angry	0.636	0.000	0.032	0.026	0.071	0.003	0.233
angry	0.627	0.000	0.033	0.028	0.063	0.003	0.246
angry	0.676	0.000	0.016	0.068	0.015	0.004	0.219
angry	0.718	0.000	0.017	0.043	0.014	0.003	0.206
angry	0.834	0.000	0.008	0.031	0.008	0.002	0.117
angry	0.820	0.000	0.008	0.042	0.007	0.003	0.120
angry	0.688	0.000	0.013	0.032	0.013	0.002	0.252
angry	0.778	0.000	0.011	0.047	0.011	0.003	0.149
angry	0.551	0.001	0.023	0.041	0.048	0.004	0.333
angry	0.620	0.000	0.014	0.018	0.032	0.002	0.314
angry	0.604	0.000	0.019	0.047	0.031	0.004	0.294
angry	0.681	0.000	0.011	0.047	0.018	0.005	0.238
angry	0.717	0.000	0.011	0.032	0.019	0.002	0.218
angry	0.791	0.000	0.015	0.026	0.020	0.002	0.146
angry	0.776	0.000	0.006	0.019	0.011	0.002	0.186
angry	0.767	0.000	0.008	0.020	0.012	0.002	0.191
angry	0.713	0.000	0.018	0.040	0.023	0.002	0.204
angry	0.736	0.000	0.013	0.039	0.017	0.002	0.192
angry	0.671	0.000	0.017	0.025	0.042	0.001	0.244
angry	0.676	0.000	0.011	0.029	0.031	0.001	0.252
angry	0.465	0.001	0.025	0.073	0.061	0.002	0.374
angry	0.535	0.000	0.025	0.062	0.034	0.002	0.342
angry	0.675	0.000	0.023	0.050	0.027	0.002	0.224
angry	0.647	0.000	0.022	0.031	0.037	0.001	0.261
angry	0.546	0.000	0.013	0.044	0.030	0.002	0.364
angry	0.697	0.000	0.006	0.028	0.013	0.001	0.255
angry	0.672	0.000	0.010	0.021	0.025	0.001	0.271
angry	0.652	0.000	0.009	0.050	0.018	0.001	0.270
angry	0.787	0.000	0.006	0.007	0.017	0.000	0.183
angry	0.795	0.000	0.008	0.019	0.018	0.002	0.159
angry	0.791	0.000	0.012	0.012	0.021	0.002	0.163
angry	0.819	0.000	0.011	0.009	0.023	0.001	0.137
angry	0.850	0.000	0.014	0.009	0.027	0.002	0.099
angry	0.723	0.000	0.012	0.010	0.028	0.002	0.224
angry	0.769	0.000	0.016	0.018	0.030	0.002	0.164
angry	0.771	0.000	0.019	0.013	0.043	0.002	0.152
angry	0.850	0.000	0.011	0.008	0.026	0.002	0.102
neutral	0.423	0.002	0.029	0.039	0.075	0.004	0.428
angry	0.649	0.000	0.022	0.055	0.033	0.004	0.237
angry	0.836	0.000	0.012	0.018	0.026	0.003	0.106
angry	0.846	0.000	0.008	0.015	0.019	0.003	0.109
angry	0.835	0.000	0.010	0.016	0.019	0.003	0.118
angry	0.838	0.000	0.009	0.020	0.015	0.002	0.115
angry	0.817	0.000	0.013	0.011	0.033	0.001	0.125
angry	0.823	0.000	0.008	0.009	0.015	0.002	0.144
angry	0.746	0.000	0.011	0.048	0.016	0.003	0.175
angry	0.846	0.000	0.008	0.021	0.012	0.003	0.110
angry	0.825	0.000	0.009	0.030	0.012	0.002	0.121
angry	0.845	0.000	0.008	0.025	0.012	0.002	0.108
angry	0.811	0.000	0.011	0.029	0.012	0.002	0.134
angry	0.832	0.000	0.010	0.014	0.013	0.002	0.130
angry	0.814	0.000	0.009	0.012	0.018	0.002	0.145
angry	0.801	0.000	0.008	0.041	0.010	0.002	0.138
angry	0.812	0.000	0.012	0.027	0.019	0.002	0.127
angry	0.541	0.000	0.011	0.072	0.022	0.003	0.351
angry	0.654	0.000	0.007	0.047	0.021	0.002	0.269
angry	0.727	0.000	0.010	0.049	0.018	0.003	0.193
angry	0.733	0.000	0.008	0.029	0.020	0.001	0.209
angry	0.864	0.000	0.010	0.010	0.024	0.001	0.092
angry	0.837	0.000	0.012	0.017	0.016	0.002	0.117
angry	0.851	0.000	0.011	0.016	0.015	0.002	0.106
angry	0.864	0.000	0.011	0.012	0.018	0.002	0.094
angry	0.788	0.000	0.008	0.029	0.016	0.002	0.157
angry	0.844	0.000	0.012	0.018	0.019	0.002	0.106
angry	0.792	0.000	0.013	0.026	0.022	0.002	0.145
angry	0.570	0.001	0.031	0.078	0.048	0.003	0.269
angry	0.830	0.000	0.012	0.025	0.018	0.002	0.113
angry	0.814	0.000	0.016	0.016	0.029	0.002	0.123
angry	0.732	0.000	0.021	0.017	0.055	0.002	0.174
angry	0.848	0.000	0.011	0.021	0.015	0.001	0.103
angry	0.846	0.000	0.006	0.023	0.010	0.002	0.112
angry	0.860	0.000	0.009	0.023	0.011	0.002	0.095
angry	0.738	0.000	0.010	0.046	0.014	0.001	0.191
angry	0.868	0.000	0.008	0.023	0.011	0.002	0.088
angry	0.870	0.000	0.010	0.014	0.013	0.001	0.092
angry	0.815	0.000	0.009	0.030	0.015	0.001	0.131
angry	0.892	0.000	0.006	0.013	0.009	0.001	0.078
angry	0.808	0.000	0.008	0.031	0.012	0.002	0.140
angry	0.805	0.000	0.010	0.032	0.014	0.002	0.137
angry	0.812	0.000	0.008	0.038	0.013	0.002	0.127
angry	0.809	0.000	0.007	0.033	0.012	0.002	0.137
angry	0.881	0.000	0.010	0.013	0.013	0.001	0.082
angry	0.677	0.000	0.015	0.065	0.020	0.002	0.220
angry	0.754	0.000	0.010	0.038	0.015	0.001	0.181
angry	0.808	0.000	0.009	0.036	0.014	0.002	0.130
angry	0.861	0.000	0.009	0.015	0.015	0.002	0.098
angry	0.829	0.000	0.010	0.028	0.013	0.002	0.117
angry	0.835	0.000	0.009	0.023	0.009	0.001	0.122
angry	0.821	0.000	0.008	0.030	0.008	0.002	0.131
angry	0.760	0.000	0.010	0.064	0.012	0.003	0.152
angry	0.789	0.000	0.011	0.042	0.016	0.002	0.139
angry	0.748	0.000	0.012	0.062	0.019	0.002	0.158
angry	0.736	0.000	0.012	0.038	0.020	0.001	0.193
angry	0.813	0.000	0.011	0.051	0.015	0.002	0.109
angry	0.819	0.000	0.010	0.025	0.015	0.001	0.130
angry	0.710	0.000	0.009	0.057	0.014	0.002	0.208
angry	0.769	0.000	0.009	0.035	0.011	0.001	0.174
angry	0.759	0.000	0.009	0.029	0.017	0.001	0.184
angry	0.784	0.000	0.015	0.047	0.015	0.001	0.139
angry	0.746	0.000	0.012	0.037	0.015	0.002	0.188
angry	0.739	0.000	0.014	0.022	0.024	0.001	0.199
angry	0.688	0.001	0.019	0.023	0.068	0.002	0.199
angry	0.784	0.000	0.008	0.034	0.013	0.001	0.160
angry	0.831	0.000	0.010	0.029	0.015	0.002	0.114
angry	0.778	0.000	0.009	0.049	0.011	0.002	0.151
angry	0.731	0.000	0.011	0.044	0.014	0.001	0.198
angry	0.769	0.000	0.012	0.053	0.009	0.002	0.156
angry	0.770	0.000	0.009	0.061	0.010	0.001	0.148
angry	0.690	0.000	0.008	0.075	0.010	0.002	0.214
angry	0.834	0.000	0.007	0.026	0.011	0.002	0.120
angry	0.791	0.000	0.007	0.048	0.008	0.002	0.143
angry	0.723	0.000	0.011	0.085	0.011	0.002	0.167
angry	0.602	0.000	0.024	0.057	0.044	0.003	0.270
angry	0.837	0.000	0.008	0.026	0.012	0.001	0.116
angry	0.768	0.000	0.013	0.027	0.019	0.002	0.170
angry	0.827	0.000	0.016	0.011	0.021	0.001	0.124
angry	0.727	0.000	0.020	0.023	0.047	0.002	0.181
angry	0.718	0.000	0.008	0.030	0.012	0.001	0.229
angry	0.800	0.000	0.011	0.017	0.020	0.001	0.151
angry	0.710	0.000	0.027	0.005	0.051	0.001	0.206
angry	0.769	0.000	0.015	0.011	0.023	0.001	0.181
angry	0.666	0.000	0.021	0.023	0.046	0.002	0.243
angry	0.530	0.001	0.020	0.027	0.045	0.002	0.374
angry	0.646	0.000	0.013	0.030	0.034	0.001	0.275
angry	0.724	0.000	0.009	0.019	0.017	0.001	0.229
angry	0.739	0.000	0.011	0.015	0.034	0.002	0.199
angry	0.756	0.000	0.016	0.014	0.042	0.002	0.171
angry	0.696	0.000	0.011	0.028	0.022	0.002	0.241
angry	0.443	0.001	0.024	0.051	0.069	0.003	0.410
angry	0.480	0.001	0.019	0.052	0.040	0.003	0.404
angry	0.756	0.000	0.016	0.029	0.025	0.001	0.171
angry	0.762	0.000	0.011	0.031	0.018	0.001	0.177
angry	0.772	0.000	0.015	0.019	0.035	0.002	0.157
angry	0.841	0.000	0.009	0.020	0.015	0.002	0.113
angry	0.854	0.000	0.007	0.011	0.014	0.001	0.112
angry	0.811	0.000	0.016	0.023	0.026	0.002	0.122
angry	0.858	0.000	0.008	0.015	0.016	0.001	0.101
angry	0.853	0.000	0.006	0.013	0.012	0.001	0.114
angry	0.885	0.000	0.005	0.015	0.009	0.001	0.084
angry	0.866	0.000	0.007	0.018	0.010	0.001	0.098
angry	0.779	0.000	0.012	0.022	0.023	0.002	0.161
angry	0.769	0.000	0.008	0.037	0.012	0.001	0.173
angry	0.853	0.000	0.013	0.020	0.019	0.002	0.093
angry	0.827	0.000	0.008	0.014	0.019	0.002	0.130
angry	0.845	0.000	0.007	0.018	0.009	0.001	0.120
angry	0.786	0.000	0.007	0.036	0.010	0.001	0.160
angry	0.848	0.000	0.007	0.009	0.014	0.001	0.121
angry	0.830	0.000	0.009	0.009	0.021	0.002	0.129
angry	0.788	0.000	0.012	0.008	0.025	0.001	0.166
angry	0.837	0.000	0.012	0.008	0.023	0.002	0.118
angry	0.756	0.000	0.007	0.007	0.022	0.002	0.206
angry	0.819	0.000	0.009	0.021	0.017	0.002	0.132
angry	0.820	0.000	0.009	0.009	0.019	0.002	0.141
angry	0.855	0.000	0.008	0.008	0.018	0.001	0.110
angry	0.858	0.000	0.008	0.010	0.014	0.002	0.108
angry	0.783	0.000	0.017	0.014	0.032	0.002	0.153
angry	0.847	0.000	0.009	0.013	0.020	0.002	0.109
angry	0.770	0.000	0.009	0.040	0.015	0.002	0.164
angry	0.846	0.000	0.014	0.016	0.027	0.002	0.095
angry	0.816	0.000	0.012	0.008	0.034	0.001	0.129
angry	0.862	0.000	0.013	0.010	0.026	0.002	0.088
angry	0.843	0.000	0.008	0.007	0.026	0.001	0.114
angry	0.617	0.000	0.021	0.021	0.057	0.002	0.282
angry	0.841	0.000	0.008	0.015	0.016	0.001	0.119
angry	0.687	0.000	0.017	0.020	0.049	0.002	0.225
angry	0.685	0.000	0.026	0.020	0.064	0.004	0.200
angry	0.764	0.000	0.017	0.018	0.053	0.002	0.145
angry	0.775	0.000	0.009	0.017	0.025	0.001	0.172
angry	0.662	0.000	0.024	0.015	0.073	0.002	0.224
angry	0.653	0.000	0.026	0.042	0.052	0.002	0.223
angry	0.555	0.001	0.029	0.027	0.064	0.003	0.322
angry	0.524	0.001	0.035	0.049	0.059	0.004	0.329
neutral	0.240	0.003	0.022	0.134	0.077	0.003	0.520
angry	0.548	0.000	0.031	0.045	0.059	0.004	0.312
angry	0.560	0.001	0.029	0.037	0.075	0.003	0.296
angry	0.651	0.000	0.022	0.025	0.058	0.003	0.241
angry	0.731	0.000	0.028	0.024	0.042	0.002	0.174
angry	0.758	0.000	0.022	0.019	0.039	0.002	0.160
angry	0.786	0.000	0.019	0.016	0.045	0.001	0.133
angry	0.812	0.000	0.018	0.015	0.045	0.001	0.109
angry	0.674	0.001	0.023	0.022	0.070	0.002	0.208
angry	0.773	0.000	0.015	0.021	0.035	0.002	0.154
angry	0.849	0.000	0.011	0.010	0.030	0.001	0.099
angry	0.852	0.000	0.011	0.011	0.024	0.001	0.101
angry	0.858	0.000	0.008	0.012	0.017	0.001	0.105
angry	0.851	0.000	0.012	0.011	0.023	0.001	0.101
angry	0.868	0.000	0.008	0.009	0.015	0.001	0.099
neutral	0.235	0.002	0.023	0.064	0.086	0.003	0.588
angry	0.515	0.001	0.041	0.015	0.112	0.003	0.313
angry	0.647	0.001	0.040	0.007	0.081	0.001	0.223
angry	0.720	0.001	0.036	0.006	0.067	0.001	0.169
angry	0.746	0.000	0.018	0.022	0.023	0.002	0.189
angry	0.794	0.000	0.025	0.016	0.034	0.002	0.128
angry	0.757	0.000	0.020	0.025	0.025	0.003	0.170
angry	0.835	0.000	0.017	0.011	0.024	0.001	0.112
angry	0.852	0.000	0.015	0.011	0.026	0.002	0.094
angry	0.866	0.000	0.012	0.008	0.021	0.001	0.092
angry	0.827	0.000	0.016	0.011	0.024	0.001	0.120
angry	0.854	0.000	0.013	0.008	0.017	0.001	0.106
angry	0.857	0.000	0.014	0.012	0.021	0.001	0.095
angry	0.880	0.000	0.011	0.009	0.019	0.001	0.080
angry	0.873	0.000	0.013	0.011	0.025	0.001	0.078
angry	0.821	0.000	0.023	0.010	0.037	0.002	0.107
angry	0.832	0.000	0.022	0.017	0.031	0.002	0.096
angry	0.834	0.000	0.019	0.016	0.023	0.001	0.107
angry	0.805	0.000	0.024	0.010	0.032	0.001	0.127
angry	0.752	0.000	0.039	0.033	0.035	0.001	0.140
angry	0.638	0.000	0.091	0.030	0.069	0.003	0.168
angry	0.706	0.000	0.059	0.035	0.032	0.004	0.165
angry	0.765	0.000	0.021	0.020	0.022	0.002	0.169
angry	0.834	0.000	0.017	0.010	0.025	0.001	0.113
angry	0.780	0.000	0.030	0.011	0.026	0.003	0.150
angry	0.535	0.002	0.062	0.013	0.094	0.005	0.289
angry	0.796	0.001	0.031	0.009	0.037	0.003	0.123
angry	0.735	0.001	0.041	0.010	0.062	0.006	0.144
angry	0.732	0.000	0.022	0.015	0.053	0.002	0.175
angry	0.783	0.000	0.014	0.009	0.041	0.001	0.152
angry	0.899	0.000	0.008	0.004	0.018	0.001	0.070
angry	0.718	0.000	0.025	0.010	0.057	0.002	0.188
angry	0.841	0.000	0.012	0.007	0.030	0.001	0.110
angry	0.773	0.000	0.022	0.010	0.050	0.001	0.143
angry	0.862	0.000	0.012	0.004	0.032	0.001	0.089
angry	0.854	0.000	0.009	0.004	0.035	0.001	0.098
angry	0.880	0.000	0.008	0.004	0.030	0.001	0.076
angry	0.882	0.000	0.013	0.006	0.022	0.001	0.075
angry	0.883	0.000	0.010	0.003	0.030	0.001	0.074
angry	0.821	0.000	0.013	0.006	0.042	0.001	0.117
angry	0.789	0.000	0.015	0.008	0.048	0.002	0.137
angry	0.883	0.000	0.011	0.006	0.022	0.001	0.076
angry	0.884	0.000	0.013	0.006	0.024	0.001	0.071
angry	0.747	0.000	0.021	0.009	0.065	0.002	0.156
angry	0.830	0.000	0.017	0.011	0.027	0.002	0.113
angry	0.798	0.000	0.018	0.017	0.044	0.002	0.120
angry	0.864	0.000	0.016	0.010	0.025	0.002	0.083
angry	0.806	0.000	0.021	0.018	0.047	0.002	0.106
angry	0.815	0.000	0.017	0.009	0.059	0.001	0.100
angry	0.809	0.000	0.017	0.010	0.054	0.001	0.109
angry	0.804	0.000	0.017	0.009	0.057	0.001	0.112
angry	0.809	0.000	0.016	0.019	0.040	0.003	0.114
angry	0.845	0.000	0.011	0.008	0.040	0.001	0.095
angry	0.834	0.000	0.013	0.010	0.037	0.002	0.104
angry	0.777	0.000	0.019	0.023	0.047	0.002	0.132
angry	0.744	0.000	0.017	0.014	0.064	0.002	0.159
angry	0.670	0.000	0.030	0.019	0.088	0.002	0.191
angry	0.724	0.000	0.024	0.013	0.064	0.002	0.175
angry	0.751	0.000	0.019	0.008	0.073	0.001	0.148
angry	0.752	0.000	0.016	0.011	0.065	0.001	0.155
angry	0.699	0.000	0.018	0.009	0.072	0.001	0.201
angry	0.728	0.000	0.015	0.007	0.063	0.001	0.185
angry	0.709	0.000	0.018	0.011	0.068	0.001	0.193
angry	0.765	0.000	0.012	0.010	0.042	0.001	0.169
angry	0.732	0.000	0.017	0.008	0.069	0.001	0.173
angry	0.812	0.000	0.016	0.009	0.047	0.002	0.115
angry	0.732	0.000	0.027	0.035	0.046	0.003	0.157
angry	0.847	0.000	0.015	0.015	0.023	0.002	0.098
angry	0.852	0.000	0.014	0.013	0.025	0.002	0.094
angry	0.875	0.000	0.013	0.008	0.022	0.002	0.081
angry	0.854	0.000	0.014	0.008	0.026	0.002	0.096
angry	0.763	0.000	0.014	0.009	0.058	0.002	0.154
angry	0.819	0.000	0.015	0.013	0.019	0.003	0.131
angry	0.783	0.000	0.013	0.007	0.042	0.002	0.153
angry	0.718	0.000	0.022	0.029	0.046	0.003	0.182
angry	0.787	0.000	0.014	0.006	0.057	0.001	0.135
angry	0.795	0.000	0.011	0.007	0.046	0.001	0.140
angry	0.789	0.000	0.013	0.012	0.045	0.001	0.139
angry	0.797	0.000	0.011	0.011	0.041	0.001	0.138
angry	0.743	0.000	0.016	0.026	0.043	0.002	0.170
angry	0.854	0.000	0.016	0.007	0.026	0.002	0.095
angry	0.787	0.000	0.014	0.007	0.059	0.001	0.131
angry	0.801	0.000	0.014	0.017	0.029	0.003	0.137
angry	0.817	0.000	0.014	0.008	0.050	0.001	0.110
angry	0.821	0.000	0.013	0.007	0.046	0.001	0.111
angry	0.820	0.000	0.009	0.005	0.033	0.001	0.132
angry	0.802	0.000	0.014	0.007	0.057	0.001	0.118
angry	0.776	0.000	0.017	0.006	0.055	0.001	0.145
angry	0.842	0.000	0.013	0.009	0.026	0.002	0.108
angry	0.780	0.000	0.021	0.010	0.056	0.002	0.131
angry	0.799	0.000	0.028	0.017	0.043	0.002	0.112
angry	0.714	0.000	0.025	0.011	0.080	0.001	0.168
angry	0.812	0.000	0.011	0.005	0.047	0.001	0.125
angry	0.799	0.000	0.011	0.004	0.048	0.001	0.138
angry	0.730	0.001	0.021	0.007	0.079	0.001	0.161
angry	0.686	0.001	0.031	0.008	0.115	0.001	0.159
angry	0.729	0.000	0.018	0.007	0.062	0.001	0.182
angry	0.797	0.000	0.016	0.007	0.050	0.001	0.129
angry	0.696	0.001	0.032	0.008	0.117	0.001	0.145
angry	0.752	0.000	0.019	0.007	0.061	0.001	0.159
angry	0.781	0.000	0.016	0.014	0.037	0.002	0.151
angry	0.800	0.000	0.025	0.015	0.037	0.003	0.120
angry	0.771	0.000	0.016	0.007	0.052	0.001	0.152
angry	0.780	0.000	0.016	0.010	0.049	0.001	0.144
angry	0.789	0.000	0.025	0.011	0.042	0.002	0.132
angry	0.771	0.000	0.020	0.011	0.065	0.002	0.132
angry	0.841	0.000	0.016	0.009	0.032	0.002	0.100
angry	0.865	0.000	0.014	0.009	0.028	0.002	0.081
angry	0.838	0.000	0.014	0.008	0.036	0.001	0.103
angry	0.849	0.000	0.014	0.008	0.028	0.001	0.099
angry	0.794	0.000	0.021	0.016	0.047	0.002	0.120
angry	0.794	0.000	0.019	0.008	0.060	0.001	0.118
angry	0.809	0.000	0.022	0.015	0.043	0.002	0.109
angry	0.824	0.000	0.016	0.011	0.029	0.002	0.119
angry	0.857	0.000	0.013	0.007	0.031	0.001	0.092
angry	0.753	0.000	0.013	0.007	0.056	0.001	0.169
angry	0.776	0.000	0.013	0.007	0.050	0.001	0.154
angry	0.893	0.000	0.008	0.006	0.018	0.001	0.073
angry	0.802	0.000	0.012	0.010	0.034	0.002	0.140
angry	0.830	0.000	0.010	0.004	0.039	0.001	0.115
angry	0.840	0.000	0.009	0.006	0.032	0.001	0.112
angry	0.777	0.000	0.012	0.007	0.051	0.001	0.152
angry	0.828	0.000	0.009	0.005	0.038	0.001	0.118
angry	0.826	0.000	0.010	0.007	0.036	0.001	0.120
angry	0.806	0.000	0.009	0.006	0.044	0.001	0.134
angry	0.799	0.000	0.011	0.007	0.039	0.001	0.142
angry	0.800	0.000	0.011	0.005	0.047	0.001	0.135
angry	0.790	0.000	0.011	0.008	0.046	0.001	0.143
angry	0.840	0.000	0.007	0.008	0.028	0.001	0.117
angry	0.822	0.000	0.010	0.008	0.048	0.001	0.110
angry	0.838	0.000	0.007	0.006	0.034	0.001	0.114
angry	0.791	0.000	0.008	0.006	0.042	0.002	0.151
angry	0.807	0.000	0.005	0.006	0.023	0.002	0.156
angry	0.783	0.000	0.006	0.009	0.015	0.001	0.186
angry	0.887	0.000	0.005	0.006	0.014	0.001	0.088
angry	0.852	0.000	0.006	0.003	0.024	0.001	0.114
angry	0.552	0.001	0.023	0.014	0.050	0.001	0.359
angry	0.517	0.001	0.031	0.006	0.185	0.002	0.258
angry	0.464	0.001	0.041	0.008	0.227	0.002	0.258
angry	0.576	0.001	0.017	0.012	0.066	0.001	0.327
angry	0.803	0.000	0.010	0.004	0.038	0.001	0.144
angry	0.832	0.000	0.005	0.004	0.016	0.001	0.143
angry	0.844	0.000	0.008	0.008	0.014	0.002	0.123
angry	0.873	0.000	0.007	0.003	0.022	0.001	0.094
angry	0.857	0.000	0.007	0.003	0.021	0.001	0.110
angry	0.816	0.000	0.008	0.005	0.032	0.001	0.138
angry	0.877	0.000	0.007	0.005	0.016	0.002	0.093
angry	0.900	0.000	0.005	0.002	0.022	0.001	0.070
angry	0.867	0.000	0.007	0.002	0.035	0.001	0.088
angry	0.848	0.000	0.007	0.002	0.036	0.001	0.107
angry	0.851	0.000	0.008	0.005	0.036	0.001	0.099
angry	0.867	0.000	0.010	0.005	0.038	0.001	0.079
angry	0.895	0.000	0.005	0.003	0.020	0.001	0.076
angry	0.850	0.000	0.007	0.006	0.022	0.001	0.114
angry	0.824	0.000	0.009	0.006	0.024	0.002	0.135
angry	0.879	0.000	0.007	0.006	0.014	0.002	0.092
angry	0.878	0.000	0.007	0.005	0.015	0.002	0.094
angry	0.854	0.000	0.008	0.006	0.020	0.002	0.110
angry	0.857	0.000	0.009	0.002	0.038	0.001	0.093
angry	0.861	0.000	0.007	0.006	0.019	0.001	0.106
angry	0.822	0.000	0.012	0.005	0.044	0.001	0.116
angry	0.867	0.000	0.009	0.003	0.034	0.001	0.087
angry	0.909	0.000	0.005	0.004	0.013	0.001	0.067
angry	0.877	0.000	0.007	0.008	0.011	0.001	0.096
angry	0.864	0.000	0.006	0.003	0.021	0.001	0.105
angry	0.911	0.000	0.006	0.003	0.013	0.001	0.066
angry	0.905	0.000	0.006	0.004	0.014	0.001	0.071
angry	0.883	0.000	0.008	0.008	0.013	0.001	0.087
angry	0.875	0.000	0.007	0.004	0.022	0.001	0.092
angry	0.909	0.000	0.005	0.002	0.018	0.000	0.066
angry	0.885	0.000	0.008	0.004	0.022	0.001	0.080
angry	0.873	0.000	0.008	0.002	0.026	0.001	0.090
angry	0.856	0.000	0.011	0.003	0.040	0.001	0.090
angry	0.850	0.000	0.011	0.003	0.039	0.001	0.096
angry	0.871	0.000	0.008	0.003	0.026	0.001	0.091
angry	0.871	0.000	0.008	0.002	0.034	0.001	0.085
angry	0.886	0.000	0.009	0.003	0.024	0.001	0.077
angry	0.886	0.000	0.007	0.003	0.028	0.001	0.074
angry	0.891	0.000	0.009	0.003	0.019	0.001	0.078
angry	0.837	0.000	0.011	0.003	0.044	0.001	0.105
angry	0.819	0.000	0.011	0.006	0.044	0.001	0.118
angry	0.744	0.000	0.017	0.007	0.077	0.001	0.153
angry	0.859	0.000	0.009	0.011	0.019	0.002	0.100
angry	0.780	0.000	0.012	0.015	0.027	0.002	0.163
angry	0.814	0.000	0.010	0.006	0.048	0.001	0.121
angry	0.849	0.000	0.011	0.009	0.031	0.001	0.099
angry	0.829	0.000	0.015	0.013	0.040	0.002	0.101
angry	0.900	0.000	0.007	0.003	0.026	0.000	0.065
angry	0.852	0.000	0.010	0.004	0.038	0.001	0.094
angry	0.800	0.000	0.016	0.005	0.073	0.001	0.103
angry	0.873	0.000	0.008	0.003	0.029	0.001	0.086
angry	0.726	0.000	0.017	0.018	0.037	0.002	0.199
angry	0.892	0.000	0.006	0.002	0.018	0.001	0.081
angry	0.841	0.000	0.007	0.003	0.021	0.001	0.127
angry	0.841	0.000	0.006	0.004	0.020	0.001	0.128
angry	0.902	0.000	0.008	0.006	0.018	0.001	0.066
angry	0.898	0.000	0.006	0.005	0.015	0.001	0.075
angry	0.587	0.001	0.044	0.038	0.073	0.003	0.254
angry	0.722	0.000	0.014	0.006	0.084	0.001	0.173
angry	0.831	0.000	0.011	0.009	0.040	0.001	0.109
angry	0.875	0.000	0.011	0.014	0.012	0.002	0.086
angry	0.883	0.000	0.006	0.007	0.020	0.001	0.083
angry	0.893	0.000	0.006	0.005	0.018	0.001	0.077
angry	0.865	0.000	0.009	0.007	0.023	0.001	0.095
angry	0.795	0.000	0.020	0.024	0.017	0.002	0.142
angry	0.875	0.000	0.007	0.004	0.025	0.001	0.088
angry	0.816	0.000	0.014	0.004	0.062	0.001	0.103
angry	0.854	0.000	0.010	0.005	0.037	0.001	0.093
angry	0.832	0.000	0.015	0.010	0.042	0.003	0.098
angry	0.811	0.000	0.011	0.006	0.055	0.001	0.115
angry	0.872	0.000	0.009	0.008	0.014	0.002	0.095
angry	0.830	0.000	0.012	0.005	0.054	0.001	0.098
angry	0.899	0.000	0.009	0.007	0.015	0.001	0.069
angry	0.897	0.000	0.007	0.003	0.024	0.001	0.068
angry	0.893	0.000	0.010	0.007	0.015	0.001	0.073
angry	0.882	0.000	0.008	0.011	0.011	0.002	0.087
angry	0.873	0.000	0.008	0.005	0.034	0.001	0.079
angry	0.903	0.000	0.007	0.005	0.015	0.002	0.069
angry	0.845	0.000	0.009	0.002	0.043	0.001	0.099
angry	0.873	0.000	0.008	0.004	0.030	0.001	0.085
angry	0.884	0.000	0.007	0.005	0.020	0.001	0.083
angry	0.888	0.000	0.006	0.003	0.022	0.001	0.080
angry	0.805	0.000	0.013	0.020	0.016	0.002	0.144
angry	0.826	0.000	0.014	0.010	0.034	0.001	0.114
angry	0.731	0.000	0.010	0.010	0.023	0.002	0.224
angry	0.840	0.000	0.008	0.002	0.043	0.000	0.106
angry	0.876	0.000	0.008	0.003	0.034	0.001	0.078
angry	0.738	0.000	0.011	0.011	0.035	0.003	0.201
angry	0.854	0.000	0.008	0.010	0.012	0.002	0.114
angry	0.884	0.000	0.008	0.005	0.023	0.001	0.078
angry	0.888	0.000	0.007	0.002	0.024	0.001	0.078
angry	0.794	0.000	0.010	0.006	0.039	0.001	0.150
angry	0.809	0.000	0.010	0.006	0.038	0.002	0.135
angry	0.906	0.000	0.006	0.005	0.015	0.001	0.067
angry	0.826	0.000	0.012	0.009	0.020	0.002	0.130
angry	0.741	0.000	0.016	0.009	0.053	0.002	0.180
angry	0.878	0.000	0.013	0.011	0.015	0.001	0.082
angry	0.869	0.000	0.013	0.012	0.014	0.001	0.091
angry	0.819	0.000	0.010	0.004	0.031	0.001	0.136
angry	0.847	0.000	0.008	0.003	0.026	0.001	0.115
angry	0.858	0.000	0.009	0.009	0.014	0.001	0.109
angry	0.706	0.001	0.020	0.021	0.051	0.001	0.199
angry	0.696	0.001	0.023	0.013	0.066	0.001	0.199
angry	0.775	0.000	0.024	0.005	0.062	0.001	0.132
angry	0.836	0.000	0.010	0.006	0.039	0.001	0.108
angry	0.866	0.000	0.009	0.004	0.035	0.001	0.086
angry	0.880	0.000	0.007	0.003	0.024	0.001	0.085
angry	0.867	0.000	0.007	0.004	0.029	0.001	0.093
angry	0.890	0.000	0.007	0.003	0.027	0.000	0.073
angry	0.870	0.000	0.006	0.003	0.019	0.001	0.101
angry	0.839	0.000	0.013	0.015	0.025	0.002	0.107
angry	0.807	0.000	0.015	0.012	0.020	0.001	0.145
angry	0.902	0.000	0.006	0.004	0.022	0.001	0.065
angry	0.825	0.000	0.015	0.022	0.018	0.001	0.118
angry	0.874	0.000	0.009	0.004	0.031	0.000	0.083
angry	0.870	0.000	0.010	0.009	0.017	0.001	0.094
angry	0.884	0.000	0.009	0.002	0.029	0.001	0.076
angry	0.864	0.000	0.010	0.003	0.041	0.001	0.081
angry	0.896	0.000	0.009	0.005	0.018	0.001	0.072
angry	0.875	0.000	0.010	0.007	0.021	0.001	0.085
angry	0.890	0.000	0.008	0.001	0.031	0.000	0.068
angry	0.887	0.000	0.008	0.002	0.035	0.000	0.067
angry	0.855	0.000	0.010	0.003	0.040	0.001	0.092
angry	0.877	0.000	0.008	0.012	0.010	0.001	0.091
angry	0.880	0.000	0.009	0.005	0.018	0.001	0.087
angry	0.877	0.000	0.012	0.011	0.012	0.001	0.087
angry	0.864	0.000	0.012	0.007	0.032	0.002	0.083
angry	0.864	0.000	0.010	0.005	0.028	0.001	0.092
angry	0.862	0.000	0.009	0.006	0.017	0.001	0.104
angry	0.864	0.000	0.012	0.003	0.041	0.001	0.080
angry	0.859	0.000	0.012	0.005	0.044	0.001	0.079
angry	0.887	0.000	0.008	0.004	0.028	0.001	0.072
angry	0.861	0.000	0.010	0.017	0.010	0.001	0.100
angry	0.900	0.000	0.008	0.009	0.013	0.001	0.069
angry	0.886	0.000	0.010	0.007	0.016	0.001	0.079
angry	0.906	0.000	0.007	0.003	0.024	0.001	0.059
angry	0.813	0.000	0.013	0.007	0.019	0.001	0.147
angry	0.877	0.000	0.006	0.003	0.025	0.000	0.089
angry	0.884	0.000	0.006	0.004	0.016	0.001	0.089
angry	0.859	0.000	0.007	0.002	0.021	0.001	0.110
angry	0.842	0.000	0.012	0.022	0.014	0.001	0.109
angry	0.796	0.000	0.006	0.003	0.041	0.001	0.153
angry	0.801	0.000	0.010	0.005	0.055	0.001	0.127
angry	0.716	0.000	0.010	0.009	0.055	0.002	0.207
angry	0.696	0.000	0.012	0.012	0.058	0.002	0.220
angry	0.877	0.000	0.006	0.003	0.027	0.001	0.087
angry	0.826	0.000	0.009	0.003	0.043	0.001	0.118
angry	0.859	0.000	0.010	0.002	0.045	0.000	0.084
angry	0.860	0.000	0.011	0.004	0.034	0.001	0.091
angry	0.854	0.000	0.006	0.004	0.029	0.001	0.106
angry	0.863	0.000	0.005	0.004	0.029	0.001	0.098
angry	0.855	0.000	0.010	0.002	0.043	0.000	0.089
angry	0.866	0.000	0.008	0.002	0.040	0.000	0.083
angry	0.862	0.000	0.009	0.004	0.032	0.001	0.092
angry	0.879	0.000	0.009	0.008	0.016	0.002	0.087
angry	0.869	0.000	0.009	0.004	0.020	0.001	0.097
angry	0.889	0.000	0.006	0.004	0.024	0.001	0.077
angry	0.853	0.000	0.009	0.002	0.035	0.001	0.101
angry	0.830	0.000	0.013	0.020	0.025	0.003	0.108
angry	0.839	0.000	0.015	0.005	0.052	0.001	0.087
angry	0.859	0.000	0.012	0.004	0.029	0.001	0.097
angry	0.874	0.000	0.011	0.003	0.037	0.001	0.074
angry	0.836	0.000	0.013	0.005	0.043	0.001	0.102
angry	0.845	0.000	0.017	0.008	0.027	0.002	0.100
angry	0.893	0.000	0.010	0.004	0.030	0.001	0.062
angry	0.856	0.000	0.017	0.008	0.030	0.002	0.088
angry	0.888	0.000	0.008	0.008	0.015	0.001	0.080
angry	0.419	0.001	0.057	0.063	0.075	0.002	0.384
happy	0.230	0.000	0.054	0.477	0.033	0.006	0.201
happy	0.207	0.000	0.039	0.541	0.021	0.006	0.185
angry	0.714	0.000	0.025	0.133	0.018	0.002	0.107
angry	0.711	0.000	0.059	0.048	0.046	0.002	0.133
angry	0.834	0.000	0.016	0.011	0.024	0.003	0.113
angry	0.758	0.000	0.026	0.018	0.055	0.003	0.139
angry	0.608	0.002	0.033	0.017	0.108	0.003	0.228
neutral	0.288	0.010	0.031	0.067	0.104	0.003	0.497
angry	0.704	0.001	0.031	0.023	0.049	0.002	0.190
angry	0.848	0.000	0.021	0.008	0.046	0.001	0.076
angry	0.893	0.000	0.016	0.004	0.027	0.001	0.058
angry	0.826	0.000	0.016	0.010	0.044	0.002	0.102
angry	0.768	0.001	0.040	0.011	0.074	0.003	0.104
angry	0.828	0.000	0.017	0.008	0.056	0.001	0.089
angry	0.861	0.000	0.019	0.006	0.045	0.001	0.068
angry	0.887	0.000	0.012	0.008	0.017	0.002	0.073
angry	0.876	0.000	0.016	0.007	0.031	0.001	0.069
angry	0.878	0.000	0.009	0.004	0.024	0.001	0.085
angry	0.844	0.000	0.011	0.007	0.028	0.001	0.109
angry	0.779	0.000	0.022	0.011	0.069	0.001	0.117
angry	0.834	0.000	0.009	0.006	0.028	0.001	0.121
angry	0.761	0.000	0.019	0.010	0.043	0.002	0.165
angry	0.800	0.000	0.014	0.011	0.043	0.002	0.131
angry	0.868	0.000	0.006	0.005	0.014	0.001	0.107
angry	0.864	0.000	0.008	0.011	0.018	0.002	0.097
angry	0.847	0.000	0.011	0.015	0.029	0.002	0.098
angry	0.825	0.000	0.012	0.014	0.027	0.002	0.118
angry	0.880	0.000	0.009	0.009	0.013	0.001	0.087
angry	0.832	0.000	0.012	0.010	0.031	0.002	0.112
angry	0.738	0.000	0.019	0.013	0.052	0.002	0.176
angry	0.838	0.000	0.016	0.025	0.017	0.005	0.099
angry	0.841	0.000	0.009	0.027	0.010	0.002	0.111
angry	0.820	0.000	0.011	0.030	0.013	0.005	0.121
angry	0.820	0.000	0.021	0.035	0.024	0.005	0.095
angry	0.789	0.000	0.020	0.035	0.020	0.003	0.134
angry	0.758	0.000	0.019	0.056	0.025	0.006	0.136
angry	0.795	0.000	0.010	0.016	0.020	0.003	0.155
angry	0.784	0.000	0.022	0.039	0.021	0.004	0.131
angry	0.768	0.000	0.032	0.046	0.025	0.004	0.124
angry	0.785	0.000	0.022	0.036	0.018	0.004	0.135
angry	0.806	0.000	0.021	0.028	0.020	0.003	0.122
angry	0.802	0.000	0.018	0.031	0.018	0.004	0.127
angry	0.825	0.000	0.026	0.024	0.017	0.003	0.105
angry	0.805	0.000	0.020	0.020	0.016	0.002	0.137
angry	0.813	0.000	0.027	0.021	0.020	0.003	0.116
angry	0.782	0.000	0.014	0.030	0.014	0.004	0.156
angry	0.735	0.000	0.020	0.031	0.033	0.002	0.178
angry	0.834	0.000	0.024	0.019	0.016	0.003	0.104
angry	0.865	0.000	0.015	0.021	0.016	0.004	0.079
angry	0.855	0.000	0.011	0.010	0.014	0.003	0.107
angry	0.769	0.000	0.017	0.017	0.028	0.004	0.164
angry	0.734	0.000	0.039	0.033	0.037	0.006	0.152
angry	0.773	0.000	0.043	0.024	0.036	0.006	0.119
angry	0.857	0.000	0.019	0.016	0.021	0.003	0.085
angry	0.728	0.000	0.045	0.031	0.041	0.009	0.146
angry	0.845	0.000	0.018	0.017	0.025	0.005	0.090
angry	0.760	0.000	0.026	0.015	0.060	0.004	0.135
angry	0.829	0.000	0.013	0.012	0.028	0.002	0.115
angry	0.647	0.000	0.033	0.011	0.102	0.003	0.203
angry	0.780	0.000	0.020	0.015	0.031	0.005	0.149
angry	0.707	0.000	0.030	0.015	0.058	0.003	0.187
angry	0.792	0.000	0.027	0.029	0.022	0.003	0.128
angry	0.705	0.000	0.036	0.013	0.082	0.004	0.160
angry	0.820	0.000	0.023	0.025	0.023	0.003	0.107
angry	0.764	0.000	0.028	0.020	0.040	0.004	0.144
angry	0.672	0.000	0.044	0.029	0.068	0.007	0.179
angry	0.800	0.000	0.016	0.055	0.016	0.003	0.109
angry	0.846	0.000	0.016	0.031	0.016	0.003	0.088
angry	0.712	0.000	0.023	0.039	0.029	0.004	0.194
angry	0.847	0.000	0.013	0.026	0.014	0.002	0.099
angry	0.859	0.000	0.015	0.017	0.015	0.002	0.092
angry	0.767	0.000	0.014	0.017	0.027	0.002	0.172
angry	0.719	0.000	0.019	0.032	0.028	0.005	0.196
angry	0.837	0.000	0.008	0.008	0.017	0.001	0.129
angry	0.826	0.000	0.014	0.014	0.020	0.002	0.124
angry	0.839	0.000	0.010	0.021	0.015	0.001	0.114
angry	0.814	0.000	0.011	0.038	0.014	0.003	0.119
angry	0.770	0.000	0.019	0.040	0.021	0.005	0.145
angry	0.820	0.000	0.015	0.032	0.022	0.003	0.108
angry	0.611	0.001	0.041	0.041	0.085	0.002	0.219
angry	0.554	0.000	0.035	0.057	0.048	0.007	0.297
angry	0.669	0.000	0.024	0.050	0.032	0.005	0.221
angry	0.776	0.000	0.017	0.045	0.023	0.002	0.138
angry	0.840	0.000	0.012	0.031	0.014	0.002	0.101
angry	0.828	0.000	0.009	0.035	0.012	0.001	0.115
angry	0.827	0.000	0.012	0.036	0.015	0.002	0.107
angry	0.730	0.000	0.022	0.061	0.022	0.003	0.163
angry	0.842	0.000	0.010	0.030	0.010	0.002	0.107
angry	0.838	0.000	0.011	0.028	0.011	0.001	0.110
angry	0.760	0.000	0.017	0.050	0.024	0.003	0.145
angry	0.693	0.000	0.022	0.051	0.030	0.005	0.199
angry	0.714	0.000	0.035	0.061	0.033	0.006	0.151
angry	0.741	0.000	0.015	0.036	0.020	0.004	0.185
angry	0.800	0.000	0.013	0.039	0.017	0.003	0.128
angry	0.790	0.000	0.020	0.035	0.019	0.002	0.133
angry	0.902	0.000	0.012	0.014	0.012	0.001	0.059
angry	0.715	0.000	0.026	0.026	0.040	0.006	0.187
angry	0.861	0.000	0.015	0.019	0.016	0.003	0.086
angry	0.818	0.000	0.023	0.022	0.020	0.003	0.114
angry	0.836	0.000	0.018	0.020	0.024	0.003	0.100
angry	0.836	0.000	0.015	0.023	0.014	0.002	0.110
angry	0.838	0.000	0.013	0.027	0.016	0.002	0.104
angry	0.822	0.000	0.011	0.032	0.016	0.002	0.117
angry	0.634	0.000	0.030	0.038	0.052	0.007	0.239
angry	0.784	0.000	0.015	0.028	0.020	0.002	0.151
angry	0.704	0.000	0.018	0.036	0.031	0.009	0.202
angry	0.696	0.000	0.031	0.039	0.041	0.005	0.188
angry	0.767	0.000	0.022	0.029	0.031	0.003	0.148
angry	0.747	0.000	0.022	0.038	0.031	0.007	0.155
angry	0.757	0.000	0.026	0.040	0.035	0.008	0.134
angry	0.717	0.000	0.016	0.037	0.032	0.005	0.191
angry	0.787	0.000	0.015	0.036	0.023	0.006	0.133
angry	0.778	0.000	0.012	0.041	0.023	0.004	0.142
angry	0.735	0.000	0.016	0.015	0.047	0.004	0.183
angry	0.760	0.000	0.016	0.052	0.024	0.004	0.143
angry	0.718	0.000	0.014	0.064	0.030	0.009	0.166
angry	0.682	0.000	0.011	0.016	0.047	0.002	0.241
angry	0.690	0.000	0.009	0.016	0.040	0.002	0.243
angry	0.770	0.000	0.009	0.032	0.017	0.005	0.167
angry	0.750	0.000	0.017	0.029	0.036	0.001	0.168
angry	0.742	0.000	0.014	0.026	0.027	0.004	0.186
angry	0.776	0.000	0.010	0.022	0.022	0.003	0.168
angry	0.746	0.000	0.008	0.015	0.024	0.002	0.204
angry	0.790	0.000	0.008	0.029	0.024	0.003	0.147
angry	0.851	0.000	0.008	0.021	0.014	0.003	0.103
angry	0.792	0.000	0.014	0.031	0.024	0.005	0.135
angry	0.662	0.000	0.019	0.033	0.050	0.005	0.231
angry	0.783	0.000	0.010	0.031	0.026	0.004	0.145
angry	0.852	0.000	0.011	0.019	0.016	0.003	0.098
angry	0.788	0.000	0.006	0.013	0.023	0.002	0.169
angry	0.791	0.000	0.007	0.012	0.024	0.002	0.164
angry	0.795	0.000	0.009	0.006	0.057	0.001	0.133
angry	0.772	0.000	0.018	0.019	0.047	0.005	0.140
angry	0.757	0.000	0.007	0.010	0.031	0.002	0.193
angry	0.693	0.000	0.007	0.016	0.046	0.004	0.233
angry	0.704	0.000	0.008	0.023	0.038	0.004	0.223
angry	0.773	0.000	0.007	0.024	0.029	0.003	0.164
angry	0.785	0.000	0.010	0.008	0.051	0.001	0.145
angry	0.741	0.000	0.006	0.012	0.040	0.002	0.198
angry	0.753	0.000	0.010	0.010	0.044	0.002	0.180
angry	0.811	0.000	0.010	0.008	0.037	0.001	0.132
angry	0.698	0.000	0.007	0.014	0.042	0.002	0.236
angry	0.682	0.000	0.009	0.022	0.043	0.004	0.240
angry	0.707	0.000	0.011	0.054	0.029	0.005	0.194
angry	0.694	0.000	0.012	0.050	0.030	0.007	0.207
angry	0.693	0.000	0.011	0.048	0.029	0.005	0.213
angry	0.752	0.000	0.008	0.033	0.031	0.004	0.173
angry	0.711	0.000	0.008	0.011	0.042	0.002	0.225
angry	0.708	0.000	0.008	0.023	0.028	0.005	0.228
angry	0.712	0.000	0.004	0.026	0.027	0.003	0.228
angry	0.658	0.000	0.011	0.025	0.050	0.003	0.252
angry	0.792	0.000	0.006	0.013	0.031	0.002	0.157
angry	0.756	0.000	0.009	0.032	0.025	0.003	0.175
angry	0.810	0.000	0.005	0.020	0.015	0.002	0.148
angry	0.759	0.000	0.006	0.005	0.046	0.001	0.184
angry	0.768	0.000	0.006	0.014	0.036	0.001	0.175
angry	0.820	0.000	0.006	0.008	0.038	0.001	0.126
angry	0.789	0.000	0.007	0.023	0.029	0.003	0.149
angry	0.469	0.000	0.003	0.039	0.028	0.006	0.454
angry	0.661	0.000	0.010	0.023	0.044	0.004	0.258
angry	0.603	0.000	0.007	0.013	0.050	0.003	0.324
angry	0.820	0.000	0.006	0.011	0.029	0.001	0.134
angry	0.812	0.000	0.005	0.005	0.028	0.001	0.148
angry	0.755	0.000	0.006	0.006	0.041	0.001	0.190
angry	0.796	0.000	0.007	0.005	0.044	0.001	0.147
angry	0.799	0.000	0.007	0.009	0.027	0.001	0.157
angry	0.767	0.000	0.007	0.008	0.034	0.001	0.183
angry	0.808	0.000	0.005	0.007	0.026	0.001	0.152
angry	0.766	0.000	0.006	0.007	0.030	0.002	0.188
angry	0.908	0.000	0.003	0.006	0.014	0.000	0.069
angry	0.866	0.000	0.003	0.007	0.018	0.000	0.105
angry	0.882	0.000	0.003	0.006	0.021	0.001	0.088
angry	0.866	0.000	0.005	0.007	0.024	0.001	0.097
angry	0.810	0.000	0.006	0.009	0.034	0.001	0.139
angry	0.873	0.000	0.003	0.006	0.022	0.001	0.096
angry	0.871	0.000	0.005	0.006	0.026	0.000	0.091
angry	0.834	0.000	0.006	0.008	0.027	0.001	0.123
angry	0.774	0.000	0.008	0.012	0.022	0.003	0.180
angry	0.813	0.000	0.006	0.021	0.020	0.002	0.139
angry	0.856	0.000	0.005	0.007	0.025	0.001	0.106
angry	0.823	0.000	0.009	0.009	0.033	0.002	0.125
angry	0.833	0.000	0.008	0.012	0.033	0.001	0.112
angry	0.818	0.000	0.006	0.010	0.035	0.001	0.131
angry	0.833	0.000	0.004	0.008	0.027	0.001	0.128
angry	0.846	0.000	0.004	0.009	0.027	0.001	0.114
angry	0.843	0.000	0.007	0.008	0.027	0.001	0.113
angry	0.855	0.000	0.004	0.008	0.020	0.001	0.112
angry	0.837	0.000	0.005	0.007	0.026	0.001	0.125
angry	0.852	0.000	0.005	0.011	0.028	0.001	0.104
angry	0.864	0.000	0.005	0.008	0.029	0.000	0.093
angry	0.793	0.000	0.006	0.009	0.056	0.001	0.136
angry	0.628	0.000	0.006	0.009	0.069	0.002	0.286
angry	0.451	0.001	0.036	0.015	0.189	0.003	0.304
angry	0.562	0.003	0.026	0.004	0.184	0.002	0.219
angry	0.576	0.001	0.025	0.006	0.161	0.002	0.229
angry	0.677	0.000	0.016	0.004	0.100	0.002	0.200
angry	0.761	0.000	0.008	0.005	0.078	0.002	0.146
angry	0.758	0.000	0.007	0.012	0.077	0.002	0.144
angry	0.636	0.000	0.019	0.012	0.117	0.002	0.213
angry	0.591	0.000	0.026	0.017	0.105	0.003	0.259
angry	0.773	0.000	0.008	0.007	0.084	0.001	0.126
angry	0.700	0.000	0.013	0.015	0.086	0.002	0.184
angry	0.885	0.000	0.004	0.006	0.031	0.001	0.074
angry	0.865	0.000	0.004	0.003	0.041	0.000	0.086
angry	0.600	0.000	0.009	0.024	0.067	0.004	0.296
angry	0.585	0.000	0.009	0.023	0.100	0.005	0.278
angry	0.572	0.000	0.012	0.018	0.120	0.003	0.275
angry	0.655	0.000	0.007	0.011	0.102	0.002	0.223
angry	0.541	0.000	0.009	0.019	0.095	0.002	0.333
angry	0.743	0.000	0.006	0.009	0.083	0.002	0.156
angry	0.582	0.000	0.006	0.005	0.139	0.001	0.266
neutral	0.389	0.001	0.014	0.016	0.137	0.003	0.440
angry	0.653	0.001	0.022	0.010	0.101	0.002	0.212
angry	0.648	0.001	0.031	0.018	0.097	0.003	0.202
angry	0.774	0.000	0.014	0.018	0.047	0.003	0.143
angry	0.745	0.000	0.014	0.015	0.067	0.003	0.156
angry	0.841	0.000	0.010	0.003	0.049	0.001	0.095
angry	0.830	0.000	0.008	0.004	0.051	0.001	0.104
angry	0.863	0.000	0.007	0.007	0.024	0.001	0.098
angry	0.839	0.000	0.008	0.006	0.044	0.001	0.102
angry	0.826	0.000	0.007	0.007	0.052	0.001	0.106
angry	0.796	0.000	0.008	0.007	0.041	0.002	0.145
angry	0.817	0.000	0.008	0.007	0.037	0.002	0.130
angry	0.835	0.000	0.009	0.006	0.041	0.001	0.108
angry	0.746	0.000	0.005	0.011	0.027	0.002	0.209
angry	0.810	0.000	0.006	0.008	0.043	0.001	0.132
angry	0.847	0.000	0.005	0.008	0.031	0.000	0.109
angry	0.801	0.000	0.008	0.009	0.048	0.002	0.132
angry	0.853	0.000	0.011	0.006	0.042	0.001	0.087
angry	0.784	0.000	0.012	0.010	0.057	0.002	0.135
angry	0.673	0.000	0.012	0.014	0.052	0.005	0.244
angry	0.764	0.000	0.011	0.012	0.050	0.002	0.161
angry	0.835	0.000	0.005	0.007	0.031	0.001	0.122
angry	0.795	0.000	0.008	0.010	0.048	0.002	0.137
angry	0.798	0.000	0.007	0.009	0.034	0.002	0.149
angry	0.819	0.000	0.007	0.006	0.034	0.002	0.133
angry	0.804	0.000	0.004	0.010	0.033	0.001	0.148
angry	0.819	0.000	0.008	0.006	0.032	0.001	0.133
angry	0.791	0.000	0.009	0.008	0.044	0.002	0.147
angry	0.631	0.000	0.006	0.026	0.031	0.002	0.304
neutral	0.358	0.002	0.017	0.018	0.137	0.004	0.463
angry	0.500	0.000	0.013	0.003	0.177	0.001	0.305
angry	0.731	0.000	0.010	0.003	0.086	0.001	0.169
angry	0.786	0.000	0.008	0.006	0.050	0.002	0.148
angry	0.772	0.000	0.012	0.004	0.072	0.001	0.139
angry	0.803	0.000	0.011	0.005	0.062	0.001	0.118
angry	0.752	0.000	0.011	0.008	0.059	0.002	0.168
angry	0.640	0.000	0.013	0.015	0.076	0.005	0.251
angry	0.770	0.000	0.013	0.006	0.058	0.003	0.150
angry	0.722	0.000	0.010	0.012	0.041	0.002	0.212
angry	0.694	0.000	0.011	0.008	0.061	0.002	0.224
angry	0.444	0.001	0.050	0.008	0.192	0.002	0.303
angry	0.806	0.000	0.025	0.002	0.080	0.001	0.087
angry	0.683	0.001	0.027	0.003	0.128	0.001	0.157
angry	0.625	0.001	0.035	0.005	0.130	0.002	0.201
angry	0.816	0.000	0.011	0.003	0.036	0.001	0.133
angry	0.802	0.000	0.012	0.005	0.033	0.001	0.147
neutral	0.310	0.001	0.021	0.035	0.089	0.004	0.540
angry	0.416	0.000	0.037	0.022	0.128	0.005	0.392
angry	0.819	0.000	0.011	0.005	0.038	0.003	0.123
angry	0.831	0.000	0.010	0.009	0.025	0.001	0.123
angry	0.838	0.000	0.013	0.004	0.041	0.002	0.103
angry	0.789	0.000	0.012	0.006	0.043	0.003	0.148
angry	0.841	0.000	0.012	0.012	0.023	0.004	0.109
angry	0.829	0.000	0.017	0.007	0.030	0.002	0.115
angry	0.792	0.000	0.016	0.014	0.032	0.002	0.143
angry	0.782	0.000	0.017	0.005	0.058	0.002	0.137
angry	0.676	0.000	0.051	0.031	0.066	0.011	0.165
angry	0.747	0.000	0.020	0.012	0.035	0.004	0.182
angry	0.666	0.000	0.031	0.008	0.121	0.002	0.172
angry	0.775	0.000	0.027	0.008	0.066	0.004	0.120
angry	0.695	0.000	0.032	0.027	0.061	0.015	0.171
angry	0.763	0.000	0.017	0.007	0.056	0.003	0.153
angry	0.641	0.000	0.034	0.018	0.071	0.011	0.224
angry	0.704	0.000	0.031	0.010	0.097	0.008	0.150
neutral	0.169	0.002	0.019	0.045	0.139	0.003	0.623
angry	0.366	0.002	0.075	0.013	0.220	0.006	0.318
angry	0.541	0.000	0.047	0.011	0.141	0.005	0.255
angry	0.679	0.000	0.036	0.017	0.080	0.009	0.178
angry	0.692	0.000	0.043	0.010	0.099	0.005	0.150
angry	0.756	0.001	0.022	0.027	0.026	0.005	0.163
angry	0.708	0.000	0.036	0.017	0.076	0.005	0.159
angry	0.790	0.000	0.022	0.013	0.040	0.005	0.130
angry	0.793	0.000	0.031	0.015	0.045	0.004	0.112
angry	0.741	0.001	0.029	0.014	0.056	0.004	0.156
angry	0.735	0.000	0.019	0.021	0.032	0.006	0.186
angry	0.717	0.000	0.024	0.035	0.031	0.006	0.186
angry	0.718	0.001	0.038	0.021	0.067	0.005	0.151
angry	0.582	0.002	0.052	0.029	0.101	0.009	0.225
angry	0.523	0.001	0.068	0.032	0.105	0.011	0.260
angry	0.571	0.001	0.049	0.031	0.072	0.008	0.267
angry	0.704	0.000	0.027	0.007	0.109	0.002	0.151
angry	0.777	0.000	0.029	0.020	0.029	0.006	0.139
angry	0.822	0.000	0.022	0.014	0.021	0.005	0.116
angry	0.754	0.000	0.019	0.025	0.024	0.006	0.171
angry	0.534	0.001	0.044	0.033	0.111	0.006	0.272
angry	0.534	0.001	0.059	0.018	0.123	0.005	0.258
angry	0.630	0.001	0.044	0.008	0.132	0.002	0.184
angry	0.623	0.001	0.040	0.018	0.087	0.005	0.226
neutral	0.375	0.001	0.021	0.039	0.089	0.005	0.471
angry	0.531	0.001	0.051	0.022	0.124	0.008	0.264
angry	0.770	0.000	0.023	0.007	0.053	0.003	0.143
angry	0.804	0.000	0.021	0.009	0.031	0.005	0.131
angry	0.694	0.001	0.054	0.008	0.101	0.003	0.139
angry	0.469	0.000	0.037	0.027	0.115	0.005	0.346
angry	0.831	0.000	0.016	0.005	0.039	0.002	0.107
angry	0.454	0.001	0.030	0.030	0.098	0.004	0.383
angry	0.760	0.000	0.021	0.005	0.080	0.001	0.133
angry	0.895	0.000	0.011	0.004	0.024	0.001	0.064
angry	0.848	0.000	0.016	0.007	0.027	0.003	0.100
angry	0.863	0.000	0.016	0.005	0.026	0.004	0.085
angry	0.856	0.000	0.015	0.007	0.033	0.003	0.086
angry	0.864	0.000	0.020	0.009	0.024	0.003	0.080
angry	0.793	0.000	0.027	0.013	0.037	0.004	0.126
angry	0.874	0.000	0.023	0.009	0.024	0.003	0.067
angry	0.869	0.000	0.012	0.005	0.023	0.001	0.089
angry	0.881	0.000	0.012	0.005	0.021	0.002	0.078
angry	0.876	0.000	0.014	0.006	0.021	0.002	0.081
angry	0.855	0.000	0.017	0.015	0.021	0.003	0.089
angry	0.863	0.000	0.010	0.007	0.015	0.002	0.103
angry	0.903	0.000	0.012	0.007	0.014	0.001	0.063
angry	0.806	0.000	0.019	0.015	0.024	0.002	0.133
angry	0.815	0.000	0.019	0.012	0.026	0.001	0.127
angry	0.864	0.000	0.017	0.017	0.017	0.002	0.082
angry	0.884	0.000	0.016	0.010	0.017	0.002	0.071
angry	0.885	0.000	0.017	0.010	0.018	0.001	0.069
angry	0.823	0.000	0.017	0.014	0.019	0.002	0.126
angry	0.871	0.000	0.015	0.010	0.017	0.002	0.085
angry	0.882	0.000	0.015	0.008	0.022	0.002	0.071
angry	0.876	0.000	0.017	0.013	0.018	0.002	0.074
angry	0.864	0.000	0.020	0.012	0.019	0.003	0.081
angry	0.859	0.000	0.010	0.007	0.021	0.001	0.102
angry	0.888	0.000	0.012	0.006	0.018	0.001	0.076
angry	0.825	0.000	0.014	0.009	0.018	0.001	0.133
angry	0.744	0.000	0.030	0.022	0.049	0.005	0.148
angry	0.841	0.000	0.017	0.008	0.033	0.001	0.100
angry	0.812	0.000	0.018	0.011	0.033	0.002	0.124
angry	0.806	0.000	0.027	0.024	0.038	0.004	0.102
angry	0.853	0.000	0.023	0.016	0.023	0.003	0.082
angry	0.829	0.000	0.017	0.019	0.022	0.004	0.109
angry	0.783	0.000	0.024	0.039	0.025	0.006	0.122
angry	0.808	0.000	0.020	0.017	0.028	0.003	0.124
angry	0.862	0.000	0.020	0.015	0.020	0.003	0.079
angry	0.820	0.000	0.015	0.017	0.020	0.003	0.126
angry	0.813	0.000	0.016	0.003	0.029	0.001	0.138
angry	0.840	0.000	0.024	0.010	0.038	0.003	0.085
angry	0.826	0.000	0.016	0.016	0.023	0.002	0.117
angry	0.851	0.000	0.013	0.017	0.016	0.002	0.101
angry	0.834	0.000	0.015	0.016	0.021	0.001	0.112
angry	0.820	0.000	0.032	0.012	0.035	0.003	0.099
angry	0.802	0.000	0.029	0.016	0.042	0.008	0.103
angry	0.768	0.000	0.038	0.005	0.097	0.002	0.089
angry	0.472	0.001	0.062	0.057	0.116	0.008	0.285
angry	0.470	0.002	0.095	0.014	0.168	0.003	0.248
angry	0.739	0.000	0.038	0.009	0.092	0.004	0.117
angry	0.776	0.000	0.037	0.005	0.088	0.002	0.090
angry	0.823	0.000	0.025	0.009	0.027	0.002	0.114
angry	0.780	0.000	0.037	0.007	0.060	0.003	0.113
angry	0.766	0.000	0.039	0.011	0.044	0.003	0.136
angry	0.726	0.000	0.053	0.004	0.114	0.002	0.101
angry	0.750	0.000	0.053	0.031	0.034	0.005	0.127
angry	0.779	0.000	0.041	0.027	0.032	0.005	0.116
angry	0.693	0.000	0.060	0.040	0.042	0.007	0.158
angry	0.784	0.000	0.064	0.006	0.074	0.006	0.067
angry	0.754	0.000	0.055	0.020	0.047	0.008	0.115
angry	0.724	0.000	0.058	0.017	0.066	0.004	0.131
angry	0.749	0.000	0.060	0.004	0.124	0.002	0.060
angry	0.799	0.000	0.045	0.019	0.036	0.005	0.096
angry	0.699	0.000	0.077	0.006	0.128	0.002	0.088
angry	0.703	0.000	0.081	0.019	0.066	0.005	0.125
angry	0.809	0.000	0.040	0.020	0.029	0.008	0.094
angry	0.703	0.000	0.064	0.033	0.033	0.008	0.160
angry	0.746	0.000	0.058	0.024	0.035	0.004	0.133
angry	0.681	0.000	0.054	0.024	0.034	0.005	0.201
angry	0.768	0.000	0.049	0.030	0.026	0.006	0.120
angry	0.728	0.000	0.049	0.005	0.104	0.002	0.110
angry	0.728	0.001	0.053	0.013	0.066	0.003	0.136
angry	0.754	0.000	0.052	0.006	0.100	0.003	0.084
angry	0.795	0.000	0.040	0.023	0.025	0.004	0.112
angry	0.784	0.000	0.076	0.021	0.037	0.005	0.078
angry	0.761	0.000	0.048	0.011	0.052	0.003	0.124
angry	0.807	0.001	0.029	0.021	0.033	0.003	0.107
angry	0.728	0.001	0.057	0.048	0.029	0.009	0.129
angry	0.680	0.000	0.101	0.013	0.109	0.006	0.091
angry	0.714	0.000	0.066	0.021	0.090	0.006	0.103
angry	0.607	0.001	0.077	0.014	0.185	0.004	0.112
angry	0.763	0.001	0.048	0.026	0.051	0.003	0.108
angry	0.715	0.001	0.049	0.063	0.032	0.005	0.136
angry	0.780	0.000	0.030	0.023	0.042	0.003	0.122
angry	0.699	0.001	0.061	0.047	0.031	0.007	0.155
angry	0.745	0.000	0.020	0.016	0.040	0.002	0.175
angry	0.785	0.001	0.044	0.023	0.034	0.003	0.109
angry	0.748	0.000	0.057	0.032	0.047	0.009	0.106
angry	0.694	0.000	0.067	0.026	0.071	0.008	0.133
angry	0.687	0.000	0.072	0.031	0.084	0.008	0.117
angry	0.699	0.000	0.057	0.045	0.043	0.011	0.144
angry	0.661	0.000	0.067	0.031	0.065	0.008	0.167
angry	0.732	0.001	0.054	0.039	0.039	0.005	0.130
angry	0.722	0.000	0.094	0.021	0.062	0.011	0.090
angry	0.709	0.000	0.057	0.045	0.037	0.006	0.146
angry	0.743	0.000	0.034	0.034	0.034	0.007	0.149
angry	0.793	0.000	0.038	0.031	0.027	0.006	0.105
angry	0.720	0.000	0.066	0.038	0.038	0.006	0.131
angry	0.705	0.000	0.060	0.005	0.131	0.002	0.096
angry	0.588	0.001	0.051	0.007	0.207	0.003	0.144
angry	0.699	0.000	0.039	0.006	0.136	0.003	0.116
angry	0.756	0.000	0.049	0.004	0.111	0.002	0.078
angry	0.700	0.000	0.056	0.006	0.152	0.003	0.083
angry	0.857	0.000	0.028	0.011	0.025	0.004	0.074
angry	0.747	0.000	0.052	0.006	0.089	0.004	0.102
angry	0.808	0.000	0.030	0.004	0.069	0.001	0.088
angry	0.775	0.000	0.038	0.005	0.087	0.002	0.093
angry	0.784	0.000	0.052	0.007	0.086	0.004	0.068
angry	0.694	0.000	0.074	0.003	0.157	0.002	0.068
angry	0.768	0.000	0.051	0.006	0.075	0.003	0.097
angry	0.833	0.000	0.025	0.010	0.035	0.002	0.094
angry	0.789	0.000	0.053	0.007	0.068	0.004	0.079
angry	0.780	0.000	0.048	0.019	0.031	0.004	0.118
angry	0.762	0.000	0.055	0.029	0.037	0.005	0.112
angry	0.863	0.000	0.024	0.006	0.037	0.001	0.069
angry	0.718	0.000	0.060	0.027	0.042	0.004	0.149
angry	0.742	0.000	0.043	0.007	0.057	0.001	0.149
angry	0.765	0.000	0.052	0.026	0.045	0.006	0.106
angry	0.680	0.000	0.066	0.030	0.042	0.004	0.177
angry	0.692	0.000	0.081	0.015	0.075	0.005	0.131
angry	0.784	0.000	0.042	0.014	0.057	0.002	0.101
angry	0.750	0.000	0.071	0.005	0.105	0.004	0.064
angry	0.766	0.000	0.056	0.009	0.095	0.004	0.071
neutral	0.277	0.004	0.046	0.066	0.169	0.005	0.433
angry	0.523	0.001	0.116	0.026	0.134	0.009	0.190
angry	0.742	0.000	0.036	0.006	0.097	0.002	0.117
angry	0.792	0.000	0.042	0.013	0.072	0.003	0.079
angry	0.726	0.001	0.070	0.020	0.047	0.004	0.132
angry	0.764	0.001	0.055	0.018	0.040	0.004	0.120
angry	0.725	0.000	0.058	0.024	0.043	0.005	0.146
angry	0.687	0.000	0.043	0.032	0.031	0.004	0.203
angry	0.749	0.000	0.038	0.034	0.032	0.008	0.140
angry	0.598	0.000	0.106	0.030	0.089	0.007	0.169
angry	0.770	0.000	0.039	0.019	0.046	0.003	0.122
angry	0.750	0.000	0.032	0.016	0.033	0.001	0.167
angry	0.753	0.000	0.057	0.013	0.053	0.003	0.121
angry	0.783	0.001	0.059	0.015	0.046	0.002	0.095
angry	0.742	0.001	0.050	0.014	0.035	0.002	0.157
angry	0.773	0.000	0.056	0.021	0.044	0.006	0.098
angry	0.700	0.000	0.061	0.020	0.057	0.002	0.159
angry	0.833	0.000	0.027	0.013	0.025	0.003	0.099
angry	0.744	0.000	0.027	0.006	0.049	0.002	0.172
angry	0.765	0.000	0.044	0.030	0.019	0.005	0.136
angry	0.748	0.000	0.034	0.032	0.023	0.006	0.157
angry	0.753	0.001	0.052	0.043	0.021	0.006	0.125
angry	0.798	0.000	0.020	0.005	0.025	0.001	0.151
angry	0.860	0.000	0.020	0.012	0.014	0.004	0.089
angry	0.791	0.000	0.032	0.017	0.022	0.004	0.134
angry	0.816	0.000	0.032	0.017	0.022	0.004	0.109
angry	0.802	0.000	0.034	0.032	0.019	0.005	0.107
angry	0.749	0.000	0.064	0.017	0.050	0.004	0.116
angry	0.709	0.000	0.048	0.023	0.040	0.003	0.177
angry	0.728	0.000	0.056	0.014	0.060	0.002	0.140
angry	0.785	0.000	0.029	0.009	0.030	0.002	0.146
angry	0.761	0.000	0.052	0.020	0.030	0.005	0.132
angry	0.823	0.000	0.024	0.012	0.019	0.002	0.120
angry	0.701	0.000	0.061	0.036	0.029	0.006	0.166
angry	0.648	0.000	0.071	0.041	0.024	0.008	0.208
angry	0.764	0.000	0.023	0.009	0.050	0.002	0.152
angry	0.793	0.000	0.034	0.017	0.024	0.003	0.129
angry	0.707	0.000	0.067	0.038	0.029	0.007	0.152
angry	0.860	0.000	0.020	0.006	0.029	0.002	0.083
angry	0.843	0.000	0.023	0.016	0.016	0.003	0.099
angry	0.823	0.000	0.027	0.023	0.019	0.003	0.105
angry	0.831	0.000	0.022	0.008	0.035	0.002	0.103
angry	0.782	0.000	0.031	0.036	0.021	0.004	0.125
angry	0.754	0.001	0.029	0.023	0.045	0.003	0.146
angry	0.799	0.000	0.025	0.006	0.056	0.002	0.111
angry	0.800	0.001	0.028	0.007	0.050	0.001	0.113
angry	0.791	0.001	0.027	0.015	0.035	0.002	0.128
angry	0.748	0.001	0.049	0.037	0.027	0.006	0.132
angry	0.658	0.000	0.065	0.043	0.039	0.005	0.190
angry	0.645	0.000	0.053	0.072	0.035	0.005	0.190
angry	0.727	0.000	0.060	0.049	0.030	0.004	0.129
angry	0.733	0.001	0.058	0.052	0.028	0.005	0.123
angry	0.663	0.001	0.075	0.049	0.033	0.005	0.174
angry	0.780	0.000	0.043	0.038	0.027	0.006	0.105
angry	0.790	0.001	0.042	0.025	0.026	0.002	0.113
angry	0.589	0.001	0.107	0.041	0.083	0.007	0.172
angry	0.685	0.000	0.067	0.049	0.052	0.011	0.136
angry	0.788	0.002	0.049	0.027	0.030	0.002	0.101
angry	0.815	0.000	0.035	0.016	0.023	0.002	0.108
angry	0.707	0.001	0.063	0.032	0.041	0.007	0.148
angry	0.742	0.000	0.049	0.034	0.032	0.011	0.131
angry	0.791	0.000	0.050	0.016	0.053	0.003	0.086
angry	0.779	0.000	0.058	0.013	0.055	0.005	0.090
angry	0.822	0.000	0.022	0.005	0.057	0.002	0.092
angry	0.638	0.001	0.108	0.027	0.057	0.006	0.164
angry	0.793	0.000	0.047	0.027	0.024	0.004	0.104
angry	0.719	0.000	0.041	0.029	0.030	0.002	0.178
angry	0.778	0.001	0.046	0.020	0.030	0.002	0.123
angry	0.870	0.000	0.031	0.005	0.028	0.001	0.064
angry	0.701	0.000	0.072	0.024	0.044	0.002	0.156
angry	0.677	0.001	0.056	0.027	0.040	0.002	0.196
angry	0.657	0.001	0.064	0.046	0.035	0.005	0.192
angry	0.682	0.000	0.067	0.050	0.032	0.006	0.163
angry	0.610	0.001	0.066	0.032	0.048	0.003	0.241
angry	0.730	0.000	0.043	0.012	0.033	0.002	0.179
angry	0.697	0.000	0.047	0.036	0.030	0.006	0.184
angry	0.726	0.001	0.062	0.040	0.031	0.006	0.135
angry	0.726	0.000	0.045	0.039	0.024	0.006	0.160
angry	0.818	0.001	0.024	0.015	0.032	0.002	0.108
angry	0.631	0.001	0.063	0.067	0.032	0.005	0.202
angry	0.447	0.002	0.107	0.079	0.113	0.010	0.242
neutral	0.299	0.001	0.097	0.082	0.130	0.012	0.380
angry	0.790	0.000	0.045	0.044	0.021	0.005	0.094
angry	0.749	0.000	0.041	0.031	0.033	0.003	0.142
angry	0.772	0.000	0.054	0.029	0.025	0.003	0.118
angry	0.752	0.000	0.041	0.018	0.041	0.004	0.144
angry	0.794	0.000	0.048	0.031	0.017	0.003	0.107
angry	0.761	0.000	0.038	0.024	0.033	0.004	0.139
angry	0.763	0.000	0.031	0.006	0.084	0.002	0.114
angry	0.787	0.000	0.020	0.012	0.023	0.002	0.155
angry	0.855	0.000	0.017	0.005	0.034	0.001	0.088
angry	0.816	0.000	0.030	0.022	0.021	0.003	0.107
angry	0.593	0.001	0.066	0.058	0.054	0.004	0.224
angry	0.711	0.000	0.036	0.039	0.028	0.004	0.181
angry	0.844	0.000	0.031	0.013	0.030	0.005	0.078
angry	0.839	0.000	0.029	0.015	0.037	0.004	0.076
angry	0.793	0.000	0.036	0.023	0.034	0.005	0.109
angry	0.756	0.000	0.046	0.011	0.042	0.001	0.143
angry	0.457	0.002	0.077	0.043	0.129	0.006	0.286
angry	0.486	0.002	0.093	0.044	0.123	0.008	0.244
angry	0.717	0.000	0.040	0.015	0.042	0.003	0.182
angry	0.676	0.000	0.048	0.037	0.046	0.005	0.187
angry	0.716	0.001	0.056	0.033	0.038	0.004	0.152
angry	0.758	0.000	0.029	0.020	0.023	0.003	0.166
angry	0.837	0.000	0.020	0.008	0.020	0.001	0.115
angry	0.771	0.000	0.033	0.021	0.023	0.003	0.148
angry	0.741	0.000	0.037	0.024	0.038	0.005	0.155
angry	0.805	0.000	0.025	0.012	0.023	0.001	0.134
angry	0.708	0.000	0.047	0.034	0.041	0.005	0.165
angry	0.649	0.001	0.069	0.038	0.063	0.005	0.174
angry	0.815	0.000	0.037	0.011	0.046	0.003	0.088
angry	0.865	0.000	0.034	0.005	0.048	0.003	0.045
angry	0.707	0.000	0.051	0.006	0.114	0.005	0.117
angry	0.727	0.000	0.054	0.003	0.127	0.003	0.086
angry	0.812	0.000	0.036	0.002	0.063	0.001	0.085
angry	0.788	0.000	0.079	0.002	0.092	0.001	0.038
angry	0.693	0.000	0.059	0.029	0.045	0.006	0.168
angry	0.449	0.000	0.074	0.108	0.031	0.005	0.333
angry	0.564	0.001	0.069	0.101	0.030	0.004	0.232
angry	0.600	0.001	0.047	0.060	0.028	0.004	0.260
angry	0.718	0.000	0.043	0.032	0.039	0.005	0.164
angry	0.802	0.000	0.032	0.038	0.026	0.004	0.099
angry	0.807	0.000	0.033	0.027	0.025	0.005	0.103
angry	0.582	0.000	0.047	0.108	0.029	0.006	0.228
angry	0.719	0.000	0.046	0.039	0.043	0.007	0.146
angry	0.688	0.000	0.032	0.045	0.026	0.006	0.203
angry	0.776	0.000	0.031	0.021	0.031	0.006	0.134
angry	0.639	0.001	0.062	0.024	0.100	0.008	0.167
angry	0.655	0.000	0.053	0.031	0.049	0.007	0.206
angry	0.760	0.000	0.040	0.034	0.030	0.005	0.132
angry	0.686	0.000	0.039	0.049	0.024	0.005	0.197
angry	0.840	0.000	0.028	0.018	0.023	0.003	0.088
angry	0.638	0.000	0.036	0.027	0.024	0.003	0.272
angry	0.578	0.000	0.047	0.073	0.028	0.005	0.269
angry	0.759	0.000	0.041	0.052	0.031	0.005	0.112
angry	0.610	0.000	0.042	0.066	0.034	0.006	0.241
angry	0.636	0.000	0.038	0.080	0.029	0.006	0.210
angry	0.794	0.000	0.034	0.043	0.026	0.004	0.098
angry	0.757	0.000	0.040	0.057	0.027	0.007	0.113
angry	0.778	0.000	0.035	0.036	0.029	0.005	0.117
angry	0.669	0.000	0.054	0.066	0.039	0.007	0.164
angry	0.772	0.000	0.039	0.036	0.034	0.008	0.111
angry	0.788	0.000	0.042	0.031	0.030	0.007	0.102
angry	0.773	0.001	0.046	0.031	0.026	0.003	0.120
angry	0.780	0.000	0.043	0.021	0.033	0.006	0.116
angry	0.816	0.000	0.040	0.021	0.029	0.006	0.088
angry	0.831	0.000	0.040	0.021	0.026	0.006	0.076
angry	0.732	0.000	0.049	0.036	0.037	0.007	0.139
angry	0.743	0.000	0.053	0.033	0.041	0.005	0.125
angry	0.786	0.000	0.054	0.027	0.031	0.005	0.097
angry	0.820	0.000	0.025	0.007	0.045	0.001	0.101
angry	0.824	0.000	0.031	0.006	0.051	0.001	0.087
angry	0.727	0.000	0.042	0.038	0.036	0.004	0.154
angry	0.684	0.001	0.073	0.041	0.051	0.005	0.145
angry	0.784	0.000	0.057	0.015	0.060	0.004	0.079
angry	0.785	0.000	0.049	0.014	0.055	0.002	0.095
angry	0.805	0.000	0.046	0.022	0.024	0.003	0.100
angry	0.806	0.000	0.030	0.027	0.025	0.002	0.109
angry	0.728	0.000	0.068	0.050	0.030	0.005	0.118
angry	0.650	0.001	0.066	0.027	0.082	0.003	0.172
angry	0.728	0.001	0.083	0.018	0.056	0.003	0.111
angry	0.682	0.000	0.063	0.005	0.135	0.004	0.110
angry	0.845	0.000	0.028	0.012	0.031	0.001	0.081
angry	0.622	0.000	0.088	0.037	0.060	0.003	0.189
angry	0.731	0.000	0.060	0.026	0.032	0.004	0.147
angry	0.805	0.000	0.051	0.020	0.026	0.002	0.096
angry	0.794	0.000	0.041	0.005	0.069	0.002	0.088
angry	0.824	0.000	0.028	0.012	0.032	0.001	0.103
angry	0.816	0.000	0.025	0.012	0.033	0.002	0.112
angry	0.774	0.000	0.061	0.017	0.038	0.003	0.106
angry	0.601	0.000	0.043	0.007	0.176	0.002	0.170
angry	0.808	0.000	0.051	0.016	0.048	0.005	0.073
angry	0.795	0.000	0.040	0.006	0.080	0.003	0.076
angry	0.709	0.000	0.046	0.005	0.154	0.002	0.085
angry	0.770	0.000	0.033	0.004	0.108	0.001	0.083
angry	0.767	0.000	0.034	0.025	0.060	0.003	0.111
angry	0.701	0.001	0.044	0.013	0.129	0.003	0.110
angry	0.697	0.000	0.042	0.052	0.062	0.006	0.140
angry	0.750	0.000	0.038	0.012	0.090	0.003	0.107
angry	0.824	0.000	0.031	0.016	0.035	0.004	0.090
angry	0.786	0.000	0.040	0.034	0.028	0.005	0.107
angry	0.828	0.000	0.035	0.010	0.058	0.004	0.064
angry	0.759	0.000	0.032	0.006	0.095	0.002	0.106
angry	0.791	0.000	0.028	0.008	0.068	0.002	0.103
angry	0.775	0.000	0.038	0.019	0.054	0.003	0.111
angry	0.773	0.000	0.034	0.006	0.078	0.002	0.107
angry	0.568	0.003	0.070	0.028	0.109	0.003	0.219
angry	0.746	0.000	0.036	0.015	0.054	0.003	0.146
angry	0.681	0.000	0.051	0.007	0.163	0.001	0.096
angry	0.716	0.000	0.039	0.005	0.119	0.001	0.121
angry	0.779	0.000	0.031	0.004	0.091	0.001	0.093
angry	0.779	0.000	0.043	0.006	0.072	0.002	0.098
angry	0.784	0.000	0.036	0.007	0.075	0.002	0.095
angry	0.654	0.000	0.056	0.006	0.160	0.002	0.122
angry	0.643	0.000	0.065	0.007	0.176	0.001	0.107
angry	0.774	0.000	0.054	0.014	0.073	0.006	0.079
angry	0.504	0.003	0.089	0.023	0.177	0.003	0.201
angry	0.529	0.003	0.091	0.017	0.177	0.004	0.180
angry	0.628	0.001	0.068	0.007	0.163	0.003	0.131
angry	0.615	0.000	0.069	0.005	0.206	0.002	0.103
angry	0.722	0.000	0.041	0.005	0.109	0.001	0.122
angry	0.654	0.000	0.053	0.006	0.178	0.002	0.108
angry	0.745	0.000	0.048	0.006	0.118	0.002	0.081
angry	0.783	0.000	0.038	0.003	0.101	0.003	0.071
angry	0.708	0.000	0.074	0.038	0.067	0.006	0.107
angry	0.713	0.000	0.051	0.006	0.137	0.002	0.090
angry	0.667	0.000	0.060	0.007	0.166	0.002	0.098
angry	0.734	0.000	0.084	0.027	0.067	0.005	0.082
angry	0.756	0.000	0.046	0.008	0.060	0.004	0.126
angry	0.772	0.000	0.040	0.004	0.100	0.002	0.082
angry	0.782	0.000	0.046	0.004	0.086	0.001	0.081
angry	0.646	0.001	0.076	0.035	0.078	0.007	0.157
angry	0.739	0.000	0.044	0.008	0.076	0.003	0.129
angry	0.577	0.000	0.067	0.014	0.194	0.005	0.142
angry	0.737	0.000	0.050	0.008	0.087	0.002	0.116
angry	0.674	0.000	0.045	0.014	0.168	0.003	0.097
angry	0.826	0.000	0.028	0.005	0.071	0.002	0.068
angry	0.704	0.000	0.047	0.007	0.130	0.002	0.110
angry	0.718	0.000	0.045	0.005	0.127	0.002	0.103
angry	0.784	0.000	0.049	0.005	0.080	0.001	0.081
angry	0.703	0.000	0.060	0.005	0.130	0.002	0.100
angry	0.759	0.000	0.044	0.005	0.120	0.001	0.071
angry	0.726	0.000	0.042	0.005	0.119	0.004	0.105
angry	0.786	0.000	0.038	0.007	0.077	0.002	0.091
angry	0.783	0.000	0.033	0.004	0.112	0.001	0.066
angry	0.757	0.000	0.047	0.003	0.121	0.001	0.071
angry	0.763	0.000	0.072	0.010	0.089	0.003	0.063
angry	0.772	0.000	0.048	0.004	0.095	0.002	0.079
angry	0.696	0.000	0.050	0.005	0.175	0.001	0.073
angry	0.707	0.000	0.071	0.025	0.074	0.006	0.117
angry	0.725	0.000	0.080	0.004	0.125	0.001	0.064
angry	0.793	0.000	0.042	0.004	0.090	0.001	0.069
angry	0.796	0.000	0.037	0.010	0.061	0.002	0.095
angry	0.801	0.000	0.032	0.008	0.056	0.001	0.101
angry	0.795	0.000	0.046	0.029	0.032	0.003	0.095
angry	0.812	0.001	0.035	0.014	0.049	0.002	0.087
angry	0.791	0.001	0.041	0.012	0.053	0.002	0.100
angry	0.699	0.000	0.053	0.018	0.072	0.003	0.156
angry	0.761	0.000	0.034	0.014	0.050	0.002	0.138
angry	0.747	0.000	0.032	0.016	0.049	0.002	0.154
angry	0.755	0.000	0.029	0.023	0.022	0.004	0.167
angry	0.738	0.000	0.024	0.011	0.048	0.001	0.177
angry	0.830	0.000	0.023	0.017	0.015	0.002	0.111
angry	0.779	0.000	0.027	0.011	0.038	0.001	0.143
angry	0.704	0.000	0.027	0.013	0.049	0.001	0.206
angry	0.813	0.000	0.025	0.012	0.028	0.002	0.119
angry	0.849	0.000	0.026	0.012	0.019	0.003	0.091
angry	0.834	0.000	0.029	0.015	0.021	0.002	0.100
angry	0.753	0.001	0.042	0.026	0.032	0.004	0.142
angry	0.822	0.000	0.030	0.020	0.027	0.003	0.098
angry	0.832	0.000	0.014	0.008	0.015	0.002	0.128
angry	0.895	0.000	0.015	0.007	0.012	0.002	0.070
angry	0.786	0.000	0.017	0.018	0.023	0.002	0.154
angry	0.785	0.000	0.016	0.012	0.024	0.002	0.162
angry	0.783	0.000	0.028	0.014	0.037	0.003	0.135
angry	0.811	0.000	0.026	0.020	0.022	0.002	0.118
angry	0.777	0.000	0.034	0.013	0.038	0.003	0.134
angry	0.789	0.000	0.031	0.023	0.027	0.005	0.125
angry	0.812	0.000	0.030	0.019	0.023	0.004	0.112
angry	0.783	0.000	0.023	0.015	0.042	0.002	0.135
angry	0.822	0.000	0.029	0.018	0.018	0.004	0.108
angry	0.771	0.000	0.037	0.018	0.038	0.003	0.133
angry	0.819	0.000	0.018	0.010	0.039	0.001	0.112
angry	0.809	0.000	0.032	0.008	0.042	0.002	0.106
angry	0.830	0.000	0.028	0.014	0.019	0.004	0.105
angry	0.841	0.000	0.024	0.012	0.015	0.003	0.104
angry	0.802	0.000	0.029	0.014	0.033	0.003	0.119
angry	0.841	0.000	0.044	0.010	0.026	0.004	0.075
angry	0.835	0.000	0.016	0.010	0.020	0.001	0.117
angry	0.799	0.001	0.026	0.015	0.029	0.004	0.127
angry	0.858	0.000	0.025	0.012	0.017	0.003	0.085
angry	0.744	0.000	0.029	0.012	0.045	0.002	0.169
angry	0.791	0.001	0.030	0.013	0.048	0.003	0.115
angry	0.803	0.000	0.020	0.010	0.036	0.001	0.129
angry	0.664	0.000	0.043	0.017	0.097	0.004	0.175
angry	0.748	0.001	0.039	0.023	0.057	0.003	0.129
angry	0.793	0.000	0.036	0.028	0.039	0.004	0.099
angry	0.849	0.000	0.040	0.009	0.022	0.003	0.076
angry	0.824	0.000	0.029	0.013	0.030	0.002	0.102
angry	0.792	0.000	0.046	0.019	0.039	0.004	0.100
angry	0.577	0.000	0.072	0.011	0.199	0.006	0.134
angry	0.768	0.000	0.040	0.009	0.074	0.002	0.107
angry	0.751	0.000	0.066	0.023	0.052	0.007	0.101
angry	0.729	0.000	0.057	0.007	0.114	0.006	0.087
angry	0.780	0.000	0.050	0.009	0.088	0.003	0.070
angry	0.649	0.000	0.074	0.006	0.190	0.002	0.078
angry	0.736	0.000	0.058	0.009	0.097	0.004	0.096
angry	0.807	0.000	0.029	0.010	0.042	0.002	0.109
angry	0.764	0.000	0.038	0.023	0.023	0.006	0.146
angry	0.759	0.001	0.051	0.015	0.046	0.002	0.126
angry	0.759	0.000	0.065	0.014	0.045	0.003	0.115
angry	0.786	0.000	0.048	0.027	0.031	0.006	0.103
angry	0.709	0.000	0.049	0.036	0.029	0.006	0.172
angry	0.823	0.000	0.032	0.011	0.043	0.002	0.088
angry	0.797	0.000	0.039	0.019	0.032	0.005	0.109
angry	0.829	0.000	0.026	0.009	0.022	0.003	0.110
angry	0.834	0.000	0.042	0.011	0.026	0.003	0.084
angry	0.851	0.000	0.038	0.008	0.025	0.002	0.076
angry	0.809	0.000	0.030	0.025	0.023	0.004	0.109
angry	0.820	0.000	0.048	0.017	0.021	0.005	0.089
angry	0.766	0.000	0.047	0.018	0.029	0.004	0.134
angry	0.742	0.000	0.052	0.016	0.032	0.005	0.153
angry	0.739	0.000	0.060	0.020	0.034	0.005	0.142
angry	0.761	0.000	0.049	0.013	0.027	0.004	0.146
angry	0.765	0.001	0.049	0.025	0.042	0.004	0.114
angry	0.777	0.001	0.035	0.013	0.043	0.005	0.127
angry	0.725	0.001	0.040	0.014	0.076	0.004	0.140
angry	0.769	0.000	0.044	0.017	0.028	0.004	0.138
angry	0.833	0.000	0.029	0.010	0.025	0.003	0.099
angry	0.792	0.000	0.033	0.011	0.041	0.004	0.119
angry	0.782	0.000	0.033	0.014	0.046	0.004	0.121
angry	0.816	0.000	0.039	0.012	0.021	0.004	0.108
angry	0.785	0.000	0.039	0.018	0.036	0.004	0.117
angry	0.693	0.001	0.059	0.016	0.083	0.004	0.145
angry	0.771	0.000	0.042	0.042	0.029	0.003	0.112
angry	0.829	0.000	0.042	0.019	0.023	0.004	0.083
angry	0.824	0.001	0.045	0.022	0.028	0.004	0.076
angry	0.788	0.000	0.039	0.034	0.024	0.004	0.110
angry	0.754	0.000	0.059	0.016	0.039	0.004	0.127
angry	0.747	0.001	0.054	0.019	0.040	0.005	0.135
angry	0.810	0.001	0.040	0.024	0.030	0.003	0.094
angry	0.740	0.001	0.055	0.020	0.045	0.005	0.134
angry	0.806	0.001	0.042	0.010	0.048	0.002	0.091
angry	0.785	0.000	0.046	0.014	0.034	0.004	0.117
angry	0.688	0.000	0.113	0.004	0.147	0.004	0.044
angry	0.745	0.000	0.106	0.004	0.108	0.002	0.035
angry	0.746	0.000	0.098	0.016	0.065	0.010	0.064
angry	0.653	0.000	0.107	0.009	0.150	0.003	0.078
angry	0.571	0.000	0.106	0.009	0.173	0.010	0.130
angry	0.596	0.001	0.092	0.017	0.115	0.010	0.170
angry	0.652	0.000	0.073	0.005	0.141	0.007	0.122
angry	0.721	0.000	0.084	0.027	0.065	0.009	0.092
angry	0.676	0.000	0.073	0.005	0.138	0.005	0.103
angry	0.782	0.000	0.047	0.012	0.041	0.003	0.114
angry	0.718	0.001	0.039	0.017	0.068	0.004	0.153
angry	0.811	0.000	0.033	0.008	0.039	0.005	0.104
angry	0.737	0.000	0.036	0.014	0.066	0.005	0.142
angry	0.829	0.000	0.039	0.018	0.024	0.004	0.085
angry	0.787	0.000	0.024	0.010	0.031	0.002	0.145
angry	0.761	0.000	0.030	0.012	0.036	0.003	0.157
angry	0.775	0.000	0.033	0.023	0.022	0.004	0.142
angry	0.738	0.000	0.041	0.024	0.028	0.006	0.162
angry	0.717	0.000	0.032	0.019	0.038	0.003	0.190
angry	0.789	0.000	0.027	0.012	0.041	0.003	0.126
angry	0.822	0.000	0.021	0.006	0.021	0.003	0.127
angry	0.794	0.000	0.024	0.009	0.055	0.003	0.114
angry	0.827	0.000	0.022	0.009	0.030	0.004	0.108
angry	0.837	0.000	0.016	0.006	0.023	0.003	0.114
angry	0.760	0.000	0.028	0.009	0.078	0.003	0.122
angry	0.829	0.000	0.016	0.006	0.020	0.003	0.125
angry	0.774	0.000	0.029	0.007	0.031	0.004	0.156
angry	0.892	0.000	0.021	0.006	0.014	0.003	0.063
angry	0.789	0.000	0.026	0.007	0.022	0.004	0.151
angry	0.697	0.000	0.086	0.013	0.091	0.007	0.106
angry	0.707	0.000	0.071	0.013	0.095	0.006	0.107
angry	0.621	0.000	0.088	0.007	0.150	0.007	0.126
angry	0.701	0.000	0.077	0.012	0.104	0.008	0.097
angry	0.776	0.000	0.058	0.021	0.048	0.005	0.093
angry	0.803	0.000	0.040	0.014	0.049	0.005	0.088
angry	0.829	0.000	0.037	0.008	0.031	0.001	0.092
angry	0.583	0.001	0.076	0.011	0.137	0.007	0.186
angry	0.740	0.000	0.054	0.014	0.077	0.007	0.108
angry	0.621	0.000	0.056	0.007	0.190	0.005	0.120
angry	0.703	0.000	0.049	0.018	0.062	0.007	0.162
angry	0.790	0.000	0.039	0.030	0.025	0.006	0.109
angry	0.828	0.000	0.031	0.011	0.022	0.004	0.103
angry	0.814	0.000	0.038	0.016	0.030	0.004	0.096
angry	0.861	0.000	0.022	0.018	0.015	0.004	0.079
angry	0.834	0.000	0.026	0.011	0.019	0.004	0.105
angry	0.795	0.000	0.028	0.010	0.041	0.005	0.120
angry	0.803	0.000	0.039	0.010	0.052	0.005	0.090
angry	0.862	0.000	0.028	0.009	0.027	0.003	0.071
angry	0.776	0.000	0.049	0.009	0.068	0.003	0.094
angry	0.831	0.000	0.037	0.011	0.036	0.004	0.081
angry	0.782	0.001	0.034	0.012	0.048	0.003	0.121
angry	0.807	0.000	0.023	0.011	0.035	0.004	0.120
angry	0.646	0.000	0.049	0.020	0.113	0.007	0.165
angry	0.755	0.000	0.036	0.015	0.055	0.004	0.135
angry	0.658	0.000	0.057	0.006	0.142	0.005	0.132
angry	0.800	0.000	0.040	0.010	0.059	0.003	0.087
angry	0.735	0.000	0.060	0.009	0.086	0.006	0.103
angry	0.755	0.000	0.042	0.012	0.060	0.009	0.122
angry	0.772	0.000	0.044	0.018	0.049	0.005	0.111
angry	0.637	0.000	0.055	0.016	0.122	0.006	0.163
angry	0.791	0.000	0.045	0.016	0.034	0.004	0.109
angry	0.773	0.000	0.027	0.009	0.035	0.003	0.153
angry	0.694	0.000	0.046	0.010	0.082	0.007	0.161
angry	0.662	0.001	0.037	0.018	0.063	0.008	0.211
angry	0.781	0.000	0.042	0.022	0.037	0.006	0.112
angry	0.782	0.000	0.027	0.008	0.063	0.003	0.117
angry	0.760	0.000	0.053	0.014	0.063	0.006	0.103
angry	0.607	0.000	0.074	0.016	0.123	0.005	0.174
angry	0.717	0.000	0.052	0.008	0.115	0.005	0.103
angry	0.768	0.000	0.051	0.007	0.057	0.003	0.113
angry	0.521	0.002	0.093	0.021	0.149	0.005	0.209
angry	0.647	0.001	0.043	0.022	0.092	0.004	0.191
angry	0.709	0.000	0.041	0.020	0.052	0.005	0.171
angry	0.683	0.001	0.044	0.018	0.071	0.006	0.179
angry	0.651	0.000	0.046	0.014	0.075	0.007	0.206
angry	0.776	0.001	0.032	0.012	0.056	0.003	0.121
angry	0.703	0.001	0.052	0.031	0.033	0.007	0.174
angry	0.673	0.001	0.084	0.015	0.106	0.008	0.114
angry	0.748	0.001	0.051	0.039	0.043	0.004	0.114
angry	0.754	0.001	0.033	0.009	0.073	0.004	0.126
angry	0.644	0.000	0.055	0.009	0.137	0.006	0.148
angry	0.739	0.000	0.042	0.026	0.038	0.003	0.152
angry	0.671	0.000	0.041	0.014	0.102	0.007	0.165
angry	0.628	0.000	0.069	0.028	0.097	0.005	0.174
angry	0.635	0.000	0.115	0.037	0.074	0.008	0.131
angry	0.797	0.000	0.047	0.015	0.057	0.007	0.077
angry	0.766	0.000	0.033	0.009	0.046	0.004	0.142
angry	0.743	0.000	0.063	0.018	0.076	0.008	0.091
angry	0.714	0.000	0.041	0.017	0.073	0.005	0.150
angry	0.658	0.000	0.030	0.017	0.106	0.006	0.184
angry	0.788	0.000	0.025	0.011	0.068	0.004	0.104
angry	0.804	0.000	0.018	0.007	0.054	0.005	0.112
angry	0.678	0.001	0.063	0.028	0.069	0.010	0.152
angry	0.643	0.000	0.041	0.032	0.060	0.006	0.218
angry	0.688	0.000	0.059	0.024	0.046	0.006	0.178
angry	0.766	0.000	0.040	0.017	0.050	0.005	0.122
angry	0.736	0.000	0.056	0.018	0.075	0.006	0.108
angry	0.703	0.000	0.036	0.014	0.100	0.005	0.141
angry	0.749	0.000	0.026	0.013	0.069	0.005	0.138
angry	0.576	0.000	0.046	0.013	0.171	0.008	0.186
angry	0.521	0.000	0.079	0.013	0.226	0.008	0.152
angry	0.632	0.000	0.051	0.010	0.164	0.004	0.140
angry	0.684	0.000	0.046	0.008	0.129	0.006	0.126
angry	0.834	0.000	0.035	0.013	0.031	0.003	0.084
angry	0.736	0.000	0.052	0.008	0.090	0.005	0.108
angry	0.562	0.002	0.086	0.037	0.088	0.009	0.216
angry	0.644	0.001	0.080	0.057	0.068	0.012	0.139
angry	0.624	0.001	0.077	0.012	0.103	0.007	0.175
angry	0.670	0.001	0.064	0.018	0.094	0.008	0.145
angry	0.636	0.000	0.047	0.012	0.136	0.008	0.162
angry	0.666	0.000	0.034	0.010	0.137	0.006	0.148
angry	0.635	0.000	0.043	0.021	0.090	0.006	0.205
angry	0.741	0.001	0.032	0.019	0.046	0.005	0.156
angry	0.741	0.000	0.038	0.028	0.024	0.005	0.164
angry	0.788	0.000	0.022	0.018	0.035	0.003	0.134
angry	0.754	0.000	0.024	0.022	0.030	0.003	0.166
angry	0.740	0.000	0.031	0.018	0.043	0.004	0.164
angry	0.804	0.000	0.026	0.022	0.024	0.003	0.120
angry	0.809	0.000	0.025	0.032	0.019	0.004	0.111
angry	0.732	0.000	0.034	0.012	0.055	0.004	0.164
angry	0.811	0.000	0.023	0.007	0.039	0.002	0.119
angry	0.719	0.000	0.033	0.014	0.049	0.005	0.179
angry	0.393	0.004	0.095	0.019	0.211	0.004	0.275
neutral	0.378	0.002	0.028	0.035	0.134	0.003	0.419
neutral	0.297	0.002	0.038	0.057	0.141	0.005	0.460
angry	0.639	0.001	0.049	0.017	0.107	0.006	0.180
angry	0.493	0.002	0.054	0.028	0.155	0.003	0.265
angry	0.724	0.000	0.030	0.019	0.070	0.003	0.153
angry	0.736	0.000	0.027	0.008	0.087	0.003	0.139
angry	0.791	0.000	0.030	0.006	0.075	0.003	0.095
angry	0.797	0.000	0.022	0.006	0.045	0.002	0.129
angry	0.822	0.000	0.025	0.009	0.019	0.002	0.122
angry	0.797	0.000	0.022	0.007	0.031	0.001	0.142
angry	0.775	0.000	0.033	0.008	0.074	0.003	0.106
neutral	0.371	0.002	0.030	0.034	0.123	0.004	0.437
angry	0.840	0.001	0.018	0.010	0.021	0.002	0.108
angry	0.801	0.000	0.022	0.013	0.047	0.003	0.114
angry	0.837	0.000	0.015	0.012	0.031	0.003	0.101
angry	0.812	0.001	0.020	0.015	0.022	0.002	0.128
angry	0.820	0.000	0.016	0.015	0.031	0.003	0.115
angry	0.804	0.000	0.017	0.012	0.034	0.003	0.130
angry	0.838	0.000	0.018	0.013	0.022	0.002	0.107
angry	0.796	0.001	0.020	0.016	0.023	0.002	0.142
angry	0.772	0.000	0.017	0.012	0.028	0.002	0.168
angry	0.813	0.000	0.020	0.013	0.026	0.003	0.125
angry	0.833	0.000	0.016	0.008	0.034	0.003	0.106
angry	0.816	0.000	0.017	0.017	0.023	0.002	0.124
angry	0.777	0.000	0.028	0.007	0.056	0.003	0.129
angry	0.787	0.000	0.019	0.006	0.054	0.003	0.131
angry	0.784	0.000	0.038	0.006	0.064	0.002	0.106
angry	0.736	0.000	0.048	0.007	0.110	0.006	0.093
angry	0.800	0.000	0.022	0.008	0.037	0.002	0.131
angry	0.831	0.000	0.019	0.003	0.050	0.001	0.096
angry	0.657	0.000	0.039	0.008	0.118	0.004	0.175
angry	0.764	0.000	0.028	0.004	0.096	0.002	0.104
angry	0.789	0.000	0.015	0.007	0.061	0.003	0.125
angry	0.796	0.000	0.024	0.003	0.079	0.002	0.097
angry	0.756	0.000	0.032	0.006	0.105	0.003	0.098
angry	0.759	0.000	0.026	0.006	0.072	0.003	0.135
angry	0.802	0.000	0.025	0.005	0.061	0.002	0.104
angry	0.754	0.000	0.030	0.005	0.062	0.002	0.148
angry	0.814	0.000	0.018	0.007	0.032	0.002	0.126
angry	0.721	0.000	0.024	0.009	0.049	0.003	0.193
angry	0.796	0.000	0.021	0.009	0.031	0.003	0.140
angry	0.693	0.000	0.033	0.008	0.120	0.004	0.142
angry	0.750	0.000	0.028	0.006	0.093	0.003	0.121
angry	0.839	0.000	0.012	0.005	0.044	0.003	0.096
angry	0.687	0.000	0.033	0.008	0.093	0.004	0.176
angry	0.766	0.000	0.029	0.008	0.067	0.004	0.125
angry	0.747	0.000	0.025	0.011	0.037	0.002	0.177
angry	0.765	0.000	0.019	0.012	0.028	0.002	0.173
angry	0.728	0.000	0.025	0.012	0.037	0.002	0.196
angry	0.803	0.000	0.012	0.008	0.025	0.003	0.149
angry	0.807	0.000	0.016	0.011	0.024	0.003	0.139
angry	0.796	0.000	0.015	0.011	0.026	0.003	0.150
angry	0.785	0.000	0.018	0.013	0.025	0.002	0.156
angry	0.830	0.000	0.014	0.009	0.021	0.002	0.124
angry	0.777	0.000	0.018	0.011	0.028	0.002	0.164
angry	0.762	0.000	0.016	0.013	0.028	0.003	0.178
angry	0.821	0.000	0.015	0.008	0.021	0.002	0.132
angry	0.764	0.000	0.026	0.012	0.031	0.002	0.165
angry	0.815	0.000	0.018	0.009	0.028	0.001	0.128
angry	0.732	0.000	0.020	0.012	0.037	0.002	0.197
angry	0.756	0.000	0.038	0.012	0.044	0.003	0.147
angry	0.751	0.001	0.031	0.009	0.037	0.002	0.168
angry	0.750	0.000	0.031	0.014	0.032	0.002	0.170
angry	0.800	0.000	0.020	0.011	0.037	0.003	0.129
angry	0.819	0.000	0.019	0.011	0.024	0.003	0.124
angry	0.810	0.000	0.022	0.009	0.030	0.002	0.126
angry	0.783	0.000	0.026	0.018	0.027	0.003	0.143
angry	0.789	0.001	0.027	0.023	0.027	0.003	0.130
angry	0.747	0.001	0.030	0.020	0.031	0.003	0.168
angry	0.725	0.001	0.030	0.032	0.023	0.004	0.185
angry	0.764	0.000	0.022	0.019	0.021	0.003	0.171
angry	0.685	0.000	0.036	0.036	0.028	0.005	0.210
angry	0.768	0.000	0.026	0.029	0.018	0.006	0.154
angry	0.656	0.000	0.059	0.050	0.030	0.008	0.196
angry	0.710	0.000	0.039	0.023	0.027	0.004	0.197
angry	0.752	0.000	0.028	0.030	0.018	0.004	0.167
angry	0.790	0.000	0.026	0.024	0.017	0.004	0.139
angry	0.802	0.000	0.020	0.004	0.046	0.002	0.126
angry	0.677	0.001	0.043	0.013	0.042	0.004	0.221
angry	0.772	0.000	0.023	0.012	0.027	0.002	0.165
angry	0.703	0.000	0.033	0.027	0.023	0.005	0.209
angry	0.800	0.000	0.012	0.013	0.014	0.003	0.159
angry	0.683	0.000	0.020	0.008	0.052	0.002	0.233
angry	0.676	0.000	0.017	0.011	0.032	0.002	0.262
angry	0.775	0.000	0.028	0.003	0.079	0.001	0.113
angry	0.809	0.000	0.014	0.006	0.036	0.002	0.133
angry	0.639	0.000	0.026	0.011	0.072	0.002	0.251
angry	0.645	0.000	0.048	0.026	0.076	0.006	0.198
angry	0.723	0.000	0.021	0.006	0.076	0.001	0.173
angry	0.732	0.000	0.025	0.005	0.102	0.002	0.135
angry	0.788	0.000	0.022	0.007	0.049	0.002	0.132
angry	0.782	0.000	0.032	0.023	0.023	0.004	0.136
angry	0.769	0.000	0.033	0.016	0.043	0.002	0.137
angry	0.763	0.000	0.029	0.005	0.077	0.002	0.125
angry	0.735	0.000	0.041	0.010	0.072	0.003	0.140
angry	0.748	0.000	0.031	0.022	0.032	0.004	0.162
angry	0.796	0.000	0.028	0.014	0.027	0.002	0.133
angry	0.784	0.000	0.020	0.009	0.036	0.002	0.149
angry	0.800	0.000	0.023	0.008	0.030	0.002	0.138
angry	0.803	0.000	0.028	0.018	0.024	0.003	0.124
angry	0.757	0.000	0.026	0.008	0.043	0.002	0.164
angry	0.760	0.000	0.029	0.018	0.026	0.003	0.164
angry	0.799	0.000	0.020	0.008	0.031	0.001	0.141
angry	0.716	0.000	0.025	0.013	0.055	0.003	0.187
angry	0.728	0.000	0.026	0.015	0.032	0.002	0.197
angry	0.761	0.000	0.023	0.009	0.042	0.002	0.164
angry	0.744	0.001	0.036	0.032	0.026	0.003	0.158
angry	0.793	0.000	0.015	0.010	0.030	0.002	0.150
angry	0.708	0.000	0.023	0.017	0.032	0.002	0.218
angry	0.791	0.000	0.017	0.011	0.029	0.002	0.150
angry	0.741	0.000	0.020	0.015	0.025	0.002	0.198
angry	0.509	0.001	0.077	0.016	0.160	0.009	0.228
angry	0.501	0.001	0.042	0.018	0.152	0.004	0.282
angry	0.515	0.001	0.047	0.015	0.147	0.005	0.270
angry	0.602	0.001	0.030	0.013	0.129	0.004	0.220
angry	0.702	0.000	0.031	0.014	0.084	0.005	0.164
angry	0.792	0.000	0.019	0.016	0.041	0.002	0.131
angry	0.842	0.000	0.011	0.016	0.029	0.002	0.100
angry	0.829	0.000	0.014	0.017	0.020	0.003	0.117
angry	0.790	0.000	0.010	0.028	0.029	0.002	0.141
angry	0.860	0.000	0.006	0.020	0.012	0.002	0.100
angry	0.798	0.000	0.008	0.007	0.038	0.002	0.147
angry	0.799	0.000	0.010	0.040	0.018	0.004	0.130
angry	0.771	0.000	0.013	0.036	0.018	0.004	0.157
angry	0.796	0.000	0.013	0.029	0.020	0.003	0.139
angry	0.839	0.000	0.013	0.017	0.014	0.003	0.114
angry	0.802	0.000	0.012	0.024	0.019	0.003	0.140
angry	0.807	0.000	0.011	0.017	0.027	0.003	0.134
angry	0.708	0.001	0.017	0.011	0.083	0.002	0.179
angry	0.672	0.000	0.036	0.014	0.124	0.003	0.150
angry	0.678	0.000	0.022	0.014	0.095	0.002	0.190
angry	0.712	0.000	0.015	0.016	0.075	0.004	0.179
angry	0.808	0.000	0.018	0.019	0.025	0.004	0.126
angry	0.815	0.000	0.017	0.020	0.018	0.004	0.126
angry	0.764	0.000	0.015	0.008	0.032	0.002	0.178
angry	0.860	0.000	0.014	0.017	0.010	0.003	0.095
angry	0.803	0.000	0.010	0.027	0.014	0.005	0.141
angry	0.793	0.000	0.014	0.024	0.022	0.005	0.141
angry	0.897	0.000	0.009	0.007	0.016	0.000	0.070
angry	0.853	0.000	0.014	0.015	0.025	0.002	0.091
angry	0.794	0.000	0.018	0.009	0.047	0.002	0.130
angry	0.812	0.000	0.016	0.004	0.068	0.001	0.098
angry	0.489	0.003	0.070	0.116	0.094	0.008	0.220
angry	0.635	0.001	0.046	0.021	0.103	0.006	0.187
angry	0.655	0.000	0.056	0.065	0.049	0.004	0.170
angry	0.664	0.000	0.055	0.030	0.068	0.007	0.176
angry	0.619	0.000	0.059	0.046	0.116	0.007	0.154
angry	0.758	0.000	0.033	0.022	0.042	0.007	0.138
angry	0.796	0.000	0.024	0.018	0.055	0.003	0.104
angry	0.750	0.000	0.039	0.009	0.074	0.003	0.125
angry	0.749	0.000	0.040	0.036	0.037	0.007	0.131
angry	0.805	0.000	0.021	0.016	0.031	0.002	0.124
angry	0.660	0.000	0.042	0.084	0.025	0.006	0.184
angry	0.781	0.000	0.025	0.044	0.016	0.007	0.127
angry	0.762	0.000	0.019	0.034	0.021	0.004	0.160
angry	0.842	0.000	0.015	0.021	0.017	0.004	0.100
angry	0.782	0.000	0.019	0.024	0.020	0.005	0.149
angry	0.618	0.001	0.032	0.036	0.100	0.005	0.208
angry	0.599	0.000	0.034	0.035	0.112	0.004	0.215
angry	0.683	0.000	0.031	0.027	0.084	0.001	0.174
angry	0.696	0.000	0.032	0.017	0.097	0.002	0.157
angry	0.810	0.000	0.018	0.014	0.042	0.001	0.115
angry	0.812	0.000	0.010	0.021	0.022	0.002	0.134
angry	0.813	0.000	0.013	0.017	0.027	0.003	0.126
angry	0.897	0.000	0.006	0.012	0.009	0.000	0.076
angry	0.932	0.000	0.006	0.008	0.007	0.000	0.046
angry	0.776	0.000	0.015	0.022	0.030	0.003	0.155
angry	0.700	0.000	0.014	0.019	0.075	0.002	0.191
angry	0.758	0.000	0.013	0.024	0.054	0.002	0.148
angry	0.771	0.000	0.011	0.024	0.063	0.003	0.129
angry	0.841	0.000	0.012	0.016	0.035	0.002	0.094
angry	0.767	0.000	0.014	0.036	0.031	0.003	0.149
angry	0.855	0.000	0.011	0.016	0.020	0.002	0.096
angry	0.841	0.000	0.011	0.021	0.015	0.002	0.110
angry	0.682	0.000	0.021	0.053	0.060	0.005	0.180
angry	0.791	0.000	0.015	0.013	0.065	0.002	0.114
angry	0.860	0.000	0.006	0.015	0.023	0.001	0.094
angry	0.853	0.000	0.008	0.020	0.015	0.001	0.103
angry	0.850	0.000	0.008	0.019	0.012	0.001	0.109
angry	0.952	0.000	0.004	0.007	0.006	0.000	0.032
angry	0.831	0.000	0.009	0.019	0.014	0.002	0.125
angry	0.786	0.000	0.011	0.035	0.020	0.004	0.143
angry	0.869	0.000	0.013	0.017	0.020	0.001	0.080
angry	0.831	0.000	0.011	0.006	0.067	0.001	0.084
angry	0.847	0.000	0.012	0.005	0.055	0.000	0.081
angry	0.932	0.000	0.007	0.005	0.016	0.000	0.040
angry	0.892	0.000	0.009	0.015	0.012	0.001	0.071
angry	0.921	0.000	0.007	0.009	0.009	0.000	0.053
angry	0.838	0.000	0.011	0.017	0.022	0.002	0.111
angry	0.816	0.000	0.008	0.020	0.016	0.001	0.139
angry	0.869	0.000	0.007	0.020	0.010	0.001	0.093
angry	0.822	0.000	0.013	0.017	0.035	0.003	0.110
angry	0.883	0.000	0.009	0.011	0.017	0.001	0.080
angry	0.896	0.000	0.007	0.010	0.012	0.001	0.076
angry	0.825	0.000	0.012	0.025	0.020	0.002	0.117
angry	0.772	0.000	0.016	0.025	0.037	0.006	0.143
angry	0.938	0.000	0.003	0.009	0.003	0.001	0.046
angry	0.873	0.000	0.010	0.014	0.016	0.003	0.084
angry	0.831	0.000	0.017	0.019	0.023	0.006	0.104
angry	0.732	0.000	0.034	0.032	0.054	0.010	0.138
angry	0.918	0.000	0.007	0.006	0.009	0.001	0.059
angry	0.855	0.000	0.010	0.017	0.026	0.004	0.088
angry	0.766	0.000	0.016	0.032	0.024	0.005	0.157
angry	0.829	0.000	0.012	0.029	0.024	0.005	0.101
angry	0.889	0.000	0.011	0.011	0.016	0.003	0.071
angry	0.833	0.000	0.017	0.017	0.027	0.004	0.101
angry	0.582	0.001	0.049	0.035	0.139	0.004	0.190
angry	0.897	0.000	0.008	0.007	0.025	0.000	0.062
angry	0.745	0.000	0.023	0.028	0.047	0.006	0.150
angry	0.852	0.000	0.013	0.008	0.027	0.001	0.098
angry	0.664	0.000	0.037	0.011	0.098	0.003	0.187
angry	0.767	0.001	0.020	0.007	0.089	0.001	0.115
angry	0.574	0.000	0.058	0.031	0.117	0.007	0.214
angry	0.610	0.001	0.028	0.033	0.094	0.001	0.232
angry	0.648	0.000	0.029	0.078	0.042	0.003	0.200
angry	0.536	0.000	0.025	0.197	0.028	0.003	0.211
angry	0.538	0.000	0.033	0.200	0.040	0.004	0.184
happy	0.338	0.000	0.022	0.486	0.026	0.007	0.121
