prediction	angry	disgust	fear	happy	sad	surprise	neutral
neutral	0.030	0.005	0.149	0.051	0.304	0.005	0.457
neutral	0.070	0.003	0.243	0.026	0.289	0.004	0.364
neutral	0.068	0.003	0.149	0.052	0.232	0.005	0.491
sad	0.068	0.004	0.207	0.021	0.394	0.008	0.298
neutral	0.043	0.001	0.179	0.023	0.255	0.007	0.493
neutral	0.046	0.005	0.154	0.037	0.328	0.005	0.424
neutral	0.053	0.003	0.127	0.033	0.307	0.004	0.473
neutral	0.049	0.002	0.157	0.047	0.303	0.006	0.437
neutral	0.047	0.006	0.137	0.054	0.265	0.005	0.486
neutral	0.054	0.003	0.197	0.048	0.233	0.030	0.435
neutral	0.053	0.008	0.104	0.048	0.134	0.006	0.646
neutral	0.051	0.006	0.057	0.090	0.139	0.010	0.647
neutral	0.052	0.002	0.066	0.039	0.110	0.017	0.714
neutral	0.050	0.002	0.063	0.047	0.113	0.011	0.715
neutral	0.041	0.003	0.057	0.084	0.113	0.012	0.690
neutral	0.091	0.003	0.082	0.072	0.136	0.015	0.601
neutral	0.083	0.001	0.053	0.048	0.064	0.025	0.726
neutral	0.063	0.001	0.070	0.065	0.071	0.016	0.714
neutral	0.099	0.002	0.095	0.058	0.099	0.021	0.626
neutral	0.093	0.002	0.074	0.116	0.114	0.026	0.575
neutral	0.073	0.002	0.178	0.078	0.278	0.017	0.373
neutral	0.096	0.006	0.152	0.057	0.318	0.021	0.349
neutral	0.053	0.003	0.121	0.062	0.220	0.028	0.513
neutral	0.065	0.005	0.089	0.106	0.204	0.020	0.511
neutral	0.044	0.001	0.052	0.072	0.152	0.018	0.660
neutral	0.124	0.003	0.110	0.183	0.188	0.047	0.346
neutral	0.160	0.015	0.209	0.102	0.202	0.054	0.258
neutral	0.090	0.005	0.104	0.108	0.217	0.045	0.430
neutral	0.097	0.004	0.060	0.174	0.140	0.051	0.473
neutral	0.088	0.005	0.166	0.175	0.139	0.040	0.387
neutral	0.090	0.002	0.088	0.232	0.110	0.072	0.406
neutral	0.082	0.007	0.085	0.234	0.148	0.036	0.408
neutral	0.045	0.005	0.080	0.143	0.121	0.012	0.595
neutral	0.055	0.005	0.099	0.189	0.122	0.013	0.516
neutral	0.086	0.012	0.108	0.084	0.180	0.019	0.511
neutral	0.073	0.014	0.095	0.066	0.164	0.017	0.571
neutral	0.078	0.011	0.092	0.081	0.200	0.040	0.498
neutral	0.049	0.003	0.097	0.119	0.167	0.019	0.546
neutral	0.037	0.007	0.101	0.047	0.177	0.008	0.624
neutral	0.042	0.008	0.149	0.031	0.247	0.012	0.512
neutral	0.054	0.016	0.077	0.104	0.237	0.010	0.501
neutral	0.039	0.009	0.070	0.060	0.244	0.005	0.573
neutral	0.078	0.004	0.147	0.056	0.283	0.007	0.425
neutral	0.055	0.012	0.124	0.020	0.385	0.005	0.399
neutral	0.071	0.007	0.153	0.035	0.324	0.009	0.401
sad	0.063	0.013	0.091	0.018	0.447	0.005	0.362
neutral	0.083	0.017	0.093	0.040	0.369	0.006	0.393
sad	0.087	0.011	0.103	0.022	0.400	0.008	0.369
neutral	0.061	0.008	0.068	0.044	0.347	0.005	0.466
neutral	0.059	0.013	0.138	0.022	0.380	0.007	0.382
neutral	0.045	0.005	0.129	0.024	0.317	0.005	0.475
neutral	0.068	0.004	0.102	0.065	0.259	0.008	0.494
neutral	0.054	0.005	0.110	0.030	0.372	0.004	0.425
sad	0.063	0.010	0.136	0.037	0.383	0.008	0.363
neutral	0.052	0.005	0.116	0.038	0.362	0.004	0.423
neutral	0.048	0.006	0.159	0.027	0.354	0.005	0.400
neutral	0.041	0.005	0.139	0.024	0.356	0.005	0.429
sad	0.055	0.012	0.160	0.023	0.396	0.006	0.349
sad	0.051	0.015	0.185	0.025	0.386	0.007	0.331
neutral	0.040	0.006	0.148	0.022	0.342	0.005	0.438
sad	0.047	0.006	0.127	0.039	0.417	0.004	0.360
neutral	0.059	0.011	0.097	0.024	0.352	0.006	0.450
neutral	0.063	0.009	0.095	0.033	0.303	0.009	0.489
neutral	0.044	0.007	0.127	0.028	0.308	0.005	0.481
neutral	0.056	0.008	0.149	0.039	0.351	0.008	0.390
neutral	0.045	0.011	0.124	0.025	0.314	0.006	0.475
neutral	0.051	0.010	0.124	0.022	0.343	0.006	0.444
neutral	0.057	0.012	0.167	0.052	0.311	0.010	0.390
neutral	0.052	0.014	0.121	0.019	0.390	0.007	0.397
neutral	0.044	0.004	0.150	0.029	0.375	0.006	0.392
sad	0.055	0.008	0.162	0.029	0.400	0.007	0.339
neutral	0.055	0.011	0.142	0.028	0.345	0.008	0.411
neutral	0.053	0.010	0.119	0.022	0.342	0.006	0.449
sad	0.061	0.009	0.186	0.028	0.381	0.010	0.325
sad	0.075	0.015	0.155	0.044	0.359	0.006	0.346
sad	0.072	0.006	0.144	0.052	0.372	0.007	0.347
neutral	0.074	0.006	0.123	0.059	0.298	0.009	0.431
neutral	0.046	0.010	0.099	0.021	0.318	0.004	0.502
sad	0.076	0.005	0.185	0.043	0.366	0.010	0.316
neutral	0.083	0.005	0.172	0.040	0.277	0.006	0.417
sad	0.057	0.010	0.192	0.029	0.436	0.009	0.267
sad	0.061	0.009	0.198	0.030	0.364	0.010	0.329
neutral	0.061	0.003	0.154	0.027	0.350	0.006	0.398
neutral	0.084	0.012	0.181	0.036	0.330	0.009	0.348
sad	0.081	0.022	0.120	0.042	0.404	0.007	0.324
sad	0.069	0.014	0.131	0.016	0.441	0.007	0.322
sad	0.067	0.011	0.156	0.020	0.479	0.005	0.262
sad	0.073	0.009	0.148	0.022	0.459	0.008	0.282
sad	0.059	0.020	0.112	0.028	0.434	0.008	0.339
sad	0.063	0.015	0.135	0.020	0.450	0.007	0.311
sad	0.073	0.015	0.146	0.018	0.437	0.009	0.303
sad	0.050	0.015	0.144	0.016	0.450	0.004	0.321
neutral	0.071	0.006	0.098	0.030	0.256	0.009	0.531
neutral	0.071	0.007	0.127	0.063	0.233	0.012	0.488
neutral	0.084	0.005	0.101	0.129	0.159	0.014	0.507
neutral	0.068	0.005	0.080	0.048	0.172	0.012	0.614
neutral	0.089	0.004	0.130	0.105	0.214	0.014	0.446
sad	0.043	0.023	0.107	0.070	0.410	0.008	0.339
fear	0.061	0.009	0.266	0.164	0.220	0.022	0.257
neutral	0.091	0.000	0.150	0.071	0.321	0.033	0.333
neutral	0.053	0.001	0.065	0.134	0.242	0.013	0.493
neutral	0.164	0.003	0.056	0.143	0.224	0.021	0.389
neutral	0.135	0.003	0.064	0.199	0.245	0.025	0.329
neutral	0.083	0.001	0.069	0.172	0.265	0.018	0.392
neutral	0.103	0.001	0.086	0.244	0.212	0.021	0.332
neutral	0.117	0.001	0.067	0.180	0.192	0.018	0.424
neutral	0.092	0.001	0.060	0.095	0.192	0.032	0.529
neutral	0.057	0.000	0.046	0.300	0.178	0.044	0.374
neutral	0.054	0.000	0.069	0.195	0.285	0.039	0.358
happy	0.067	0.000	0.065	0.350	0.183	0.040	0.295
neutral	0.042	0.000	0.039	0.178	0.192	0.021	0.527
neutral	0.063	0.001	0.040	0.154	0.199	0.016	0.526
neutral	0.097	0.000	0.061	0.142	0.174	0.025	0.500
neutral	0.090	0.000	0.096	0.286	0.170	0.030	0.328
neutral	0.137	0.000	0.060	0.156	0.152	0.023	0.471
neutral	0.252	0.000	0.070	0.141	0.175	0.044	0.317
angry	0.381	0.000	0.095	0.125	0.198	0.044	0.157
sad	0.163	0.002	0.177	0.080	0.326	0.099	0.154
sad	0.085	0.002	0.125	0.057	0.400	0.054	0.276
sad	0.047	0.001	0.129	0.048	0.391	0.031	0.353
sad	0.100	0.004	0.118	0.041	0.407	0.037	0.293
sad	0.090	0.002	0.125	0.027	0.423	0.055	0.278
sad	0.105	0.003	0.089	0.026	0.434	0.036	0.308
sad	0.106	0.001	0.095	0.066	0.348	0.042	0.343
sad	0.154	0.000	0.103	0.138	0.286	0.040	0.277
sad	0.184	0.000	0.128	0.177	0.261	0.026	0.224
sad	0.183	0.000	0.110	0.180	0.229	0.095	0.201
neutral	0.109	0.001	0.068	0.193	0.173	0.033	0.424
neutral	0.127	0.000	0.145	0.106	0.265	0.040	0.316
neutral	0.091	0.000	0.103	0.125	0.243	0.036	0.403
neutral	0.100	0.001	0.105	0.129	0.255	0.025	0.386
happy	0.250	0.000	0.023	0.286	0.076	0.084	0.281
angry	0.361	0.000	0.053	0.339	0.035	0.075	0.138
happy	0.225	0.000	0.053	0.271	0.101	0.086	0.264
angry	0.229	0.000	0.136	0.185	0.085	0.173	0.192
neutral	0.175	0.000	0.167	0.157	0.167	0.084	0.249
surprise	0.195	0.001	0.198	0.129	0.079	0.270	0.129
angry	0.287	0.001	0.277	0.075	0.072	0.152	0.136
angry	0.355	0.001	0.187	0.095	0.068	0.169	0.124
angry	0.433	0.001	0.077	0.223	0.052	0.139	0.076
angry	0.382	0.001	0.175	0.136	0.032	0.183	0.091
angry	0.606	0.002	0.099	0.096	0.019	0.116	0.062
angry	0.629	0.005	0.084	0.042	0.031	0.113	0.095
angry	0.595	0.001	0.047	0.094	0.020	0.125	0.119
angry	0.444	0.004	0.133	0.140	0.034	0.136	0.110
angry	0.502	0.001	0.149	0.093	0.044	0.079	0.132
angry	0.552	0.001	0.102	0.124	0.025	0.086	0.111
angry	0.475	0.001	0.229	0.073	0.086	0.050	0.085
angry	0.623	0.002	0.075	0.086	0.038	0.055	0.121
angry	0.615	0.002	0.069	0.135	0.014	0.077	0.089
angry	0.653	0.002	0.111	0.069	0.027	0.062	0.076
angry	0.414	0.004	0.251	0.072	0.078	0.072	0.110
fear	0.119	0.003	0.220	0.175	0.130	0.147	0.206
fear	0.131	0.022	0.294	0.100	0.175	0.129	0.150
angry	0.229	0.008	0.185	0.177	0.074	0.115	0.212
fear	0.119	0.005	0.260	0.124	0.157	0.137	0.199
fear	0.233	0.004	0.365	0.108	0.083	0.094	0.113
angry	0.614	0.001	0.111	0.051	0.045	0.108	0.071
angry	0.310	0.001	0.222	0.149	0.060	0.116	0.142
fear	0.094	0.002	0.491	0.069	0.142	0.077	0.126
fear	0.069	0.002	0.376	0.047	0.221	0.201	0.084
fear	0.086	0.007	0.589	0.047	0.119	0.086	0.065
fear	0.121	0.005	0.511	0.037	0.151	0.101	0.074
fear	0.088	0.003	0.506	0.033	0.228	0.041	0.102
fear	0.075	0.001	0.496	0.049	0.107	0.210	0.061
fear	0.051	0.001	0.579	0.036	0.192	0.106	0.035
fear	0.087	0.003	0.667	0.024	0.100	0.101	0.017
fear	0.058	0.000	0.593	0.049	0.136	0.129	0.035
fear	0.087	0.001	0.489	0.084	0.105	0.165	0.069
fear	0.081	0.001	0.635	0.034	0.098	0.127	0.025
fear	0.099	0.002	0.541	0.044	0.145	0.124	0.045
fear	0.070	0.001	0.627	0.026	0.153	0.103	0.019
fear	0.080	0.002	0.608	0.032	0.159	0.091	0.029
fear	0.083	0.001	0.557	0.066	0.087	0.176	0.029
fear	0.083	0.002	0.636	0.026	0.116	0.116	0.021
fear	0.071	0.001	0.588	0.056	0.096	0.159	0.029
fear	0.094	0.001	0.601	0.028	0.185	0.058	0.033
fear	0.086	0.002	0.610	0.024	0.168	0.075	0.034
fear	0.108	0.002	0.587	0.053	0.081	0.125	0.043
fear	0.072	0.001	0.618	0.058	0.087	0.135	0.029
fear	0.085	0.002	0.660	0.026	0.103	0.099	0.025
fear	0.070	0.003	0.726	0.013	0.122	0.038	0.027
angry	0.448	0.001	0.362	0.014	0.054	0.082	0.039
angry	0.554	0.001	0.237	0.027	0.031	0.121	0.029
fear	0.358	0.002	0.411	0.036	0.075	0.060	0.057
angry	0.529	0.000	0.327	0.012	0.052	0.052	0.028
angry	0.537	0.000	0.288	0.020	0.048	0.070	0.037
angry	0.473	0.001	0.263	0.060	0.056	0.104	0.043
fear	0.383	0.001	0.446	0.031	0.066	0.039	0.034
angry	0.460	0.001	0.339	0.035	0.055	0.066	0.044
angry	0.552	0.001	0.245	0.047	0.032	0.095	0.028
fear	0.320	0.001	0.425	0.043	0.084	0.090	0.038
fear	0.369	0.001	0.416	0.016	0.062	0.112	0.024
fear	0.297	0.000	0.404	0.061	0.070	0.134	0.034
fear	0.079	0.001	0.609	0.028	0.161	0.085	0.037
fear	0.096	0.004	0.639	0.042	0.100	0.084	0.035
fear	0.088	0.002	0.664	0.024	0.126	0.066	0.030
fear	0.071	0.001	0.586	0.034	0.159	0.122	0.028
fear	0.094	0.002	0.602	0.036	0.158	0.081	0.027
fear	0.081	0.001	0.654	0.024	0.162	0.051	0.028
fear	0.063	0.003	0.677	0.026	0.141	0.059	0.031
fear	0.101	0.001	0.591	0.041	0.132	0.095	0.038
fear	0.102	0.001	0.571	0.037	0.182	0.077	0.031
fear	0.097	0.002	0.588	0.053	0.148	0.069	0.042
fear	0.115	0.002	0.574	0.055	0.139	0.065	0.050
fear	0.090	0.002	0.629	0.031	0.144	0.075	0.029
fear	0.092	0.001	0.643	0.033	0.128	0.077	0.025
fear	0.091	0.001	0.626	0.048	0.112	0.093	0.029
fear	0.057	0.001	0.653	0.021	0.163	0.081	0.024
fear	0.097	0.002	0.620	0.033	0.152	0.064	0.032
fear	0.100	0.001	0.655	0.017	0.172	0.037	0.018
fear	0.087	0.003	0.662	0.030	0.127	0.063	0.028
fear	0.085	0.002	0.657	0.020	0.142	0.060	0.034
fear	0.085	0.001	0.645	0.033	0.128	0.081	0.027
fear	0.075	0.001	0.703	0.023	0.105	0.075	0.018
fear	0.103	0.002	0.558	0.067	0.149	0.080	0.041
fear	0.095	0.001	0.656	0.035	0.105	0.077	0.031
fear	0.070	0.001	0.636	0.038	0.109	0.110	0.036
fear	0.065	0.001	0.606	0.025	0.177	0.093	0.032
fear	0.060	0.001	0.691	0.011	0.119	0.099	0.018
fear	0.093	0.001	0.519	0.057	0.135	0.146	0.048
fear	0.065	0.001	0.653	0.013	0.182	0.063	0.023
fear	0.094	0.001	0.541	0.042	0.125	0.149	0.048
fear	0.103	0.003	0.622	0.034	0.115	0.088	0.034
fear	0.096	0.001	0.576	0.045	0.147	0.093	0.042
fear	0.103	0.001	0.559	0.051	0.168	0.072	0.044
fear	0.086	0.001	0.650	0.026	0.105	0.103	0.029
fear	0.076	0.001	0.657	0.029	0.160	0.056	0.022
fear	0.066	0.002	0.609	0.038	0.163	0.073	0.048
fear	0.075	0.001	0.717	0.015	0.141	0.038	0.012
fear	0.080	0.002	0.684	0.030	0.092	0.084	0.028
fear	0.076	0.001	0.712	0.027	0.109	0.055	0.020
fear	0.087	0.001	0.519	0.054	0.201	0.082	0.056
fear	0.096	0.001	0.661	0.013	0.126	0.087	0.015
fear	0.108	0.001	0.641	0.017	0.134	0.080	0.019
fear	0.053	0.000	0.682	0.028	0.113	0.096	0.026
fear	0.106	0.002	0.640	0.042	0.109	0.073	0.028
fear	0.072	0.000	0.665	0.038	0.140	0.061	0.024
fear	0.086	0.001	0.624	0.035	0.136	0.092	0.026
fear	0.071	0.001	0.711	0.008	0.155	0.035	0.019
fear	0.286	0.001	0.509	0.018	0.061	0.089	0.036
fear	0.392	0.002	0.428	0.030	0.054	0.047	0.046
fear	0.273	0.002	0.450	0.080	0.092	0.051	0.052
fear	0.157	0.002	0.677	0.014	0.083	0.038	0.028
fear	0.118	0.001	0.463	0.047	0.182	0.082	0.105
fear	0.072	0.003	0.602	0.044	0.102	0.144	0.034
fear	0.122	0.006	0.649	0.021	0.087	0.091	0.024
fear	0.056	0.001	0.679	0.031	0.100	0.106	0.026
fear	0.072	0.002	0.713	0.015	0.107	0.064	0.027
fear	0.085	0.002	0.566	0.038	0.187	0.076	0.045
fear	0.089	0.002	0.525	0.044	0.179	0.111	0.050
fear	0.067	0.001	0.602	0.027	0.125	0.142	0.035
fear	0.086	0.001	0.615	0.028	0.108	0.126	0.034
fear	0.074	0.001	0.627	0.035	0.085	0.144	0.035
fear	0.070	0.002	0.667	0.027	0.126	0.079	0.028
fear	0.106	0.003	0.644	0.024	0.111	0.070	0.041
fear	0.065	0.002	0.577	0.027	0.167	0.116	0.046
fear	0.071	0.002	0.643	0.018	0.147	0.088	0.030
fear	0.083	0.002	0.653	0.025	0.114	0.092	0.031
fear	0.047	0.001	0.734	0.008	0.138	0.058	0.014
fear	0.100	0.002	0.682	0.023	0.090	0.082	0.021
fear	0.061	0.001	0.669	0.011	0.154	0.075	0.028
fear	0.081	0.002	0.631	0.031	0.113	0.110	0.032
fear	0.053	0.002	0.643	0.021	0.137	0.099	0.044
fear	0.062	0.002	0.667	0.024	0.106	0.106	0.034
fear	0.071	0.003	0.660	0.031	0.097	0.100	0.037
fear	0.091	0.001	0.585	0.036	0.143	0.087	0.056
fear	0.092	0.001	0.603	0.037	0.110	0.131	0.025
fear	0.109	0.001	0.600	0.044	0.115	0.088	0.044
fear	0.091	0.002	0.642	0.039	0.093	0.101	0.032
fear	0.101	0.001	0.603	0.027	0.103	0.128	0.037
fear	0.104	0.001	0.630	0.034	0.095	0.102	0.034
fear	0.196	0.002	0.581	0.011	0.142	0.038	0.031
fear	0.375	0.002	0.418	0.032	0.091	0.037	0.045
fear	0.374	0.001	0.421	0.029	0.089	0.060	0.025
angry	0.448	0.001	0.359	0.059	0.042	0.037	0.054
angry	0.666	0.001	0.200	0.019	0.043	0.032	0.039
fear	0.200	0.001	0.630	0.008	0.116	0.023	0.023
fear	0.079	0.001	0.614	0.033	0.158	0.071	0.044
fear	0.064	0.001	0.685	0.020	0.132	0.073	0.025
fear	0.086	0.001	0.665	0.017	0.122	0.064	0.044
fear	0.079	0.001	0.656	0.024	0.085	0.120	0.035
fear	0.058	0.001	0.622	0.017	0.107	0.170	0.025
fear	0.089	0.002	0.722	0.018	0.099	0.045	0.026
fear	0.087	0.001	0.669	0.023	0.100	0.087	0.034
fear	0.099	0.002	0.652	0.028	0.099	0.087	0.033
fear	0.094	0.002	0.702	0.022	0.094	0.060	0.026
fear	0.135	0.002	0.547	0.044	0.082	0.143	0.047
fear	0.077	0.002	0.725	0.020	0.109	0.046	0.020
fear	0.092	0.001	0.656	0.027	0.071	0.120	0.033
fear	0.114	0.002	0.665	0.030	0.089	0.069	0.031
fear	0.149	0.001	0.570	0.038	0.105	0.096	0.041
fear	0.076	0.001	0.595	0.034	0.101	0.165	0.027
fear	0.069	0.001	0.639	0.030	0.086	0.150	0.025
fear	0.076	0.001	0.721	0.023	0.074	0.082	0.022
fear	0.065	0.001	0.678	0.032	0.090	0.110	0.025
fear	0.072	0.001	0.714	0.014	0.074	0.107	0.019
fear	0.076	0.001	0.672	0.031	0.078	0.116	0.025
fear	0.081	0.001	0.701	0.025	0.100	0.073	0.019
fear	0.096	0.001	0.535	0.051	0.125	0.163	0.028
fear	0.083	0.003	0.743	0.010	0.105	0.038	0.019
fear	0.080	0.001	0.687	0.027	0.118	0.062	0.026
fear	0.077	0.001	0.711	0.019	0.113	0.060	0.019
fear	0.089	0.001	0.638	0.035	0.094	0.119	0.026
fear	0.083	0.002	0.601	0.045	0.072	0.163	0.034
fear	0.085	0.001	0.624	0.033	0.080	0.152	0.024
fear	0.079	0.001	0.701	0.021	0.098	0.071	0.030
fear	0.068	0.001	0.701	0.020	0.122	0.068	0.021
fear	0.083	0.001	0.687	0.025	0.139	0.041	0.025
fear	0.095	0.001	0.661	0.040	0.079	0.099	0.025
fear	0.077	0.002	0.685	0.025	0.106	0.086	0.019
fear	0.082	0.002	0.664	0.021	0.129	0.081	0.021
fear	0.058	0.001	0.716	0.016	0.131	0.055	0.022
fear	0.080	0.001	0.651	0.021	0.133	0.081	0.034
fear	0.073	0.002	0.580	0.058	0.148	0.099	0.040
fear	0.237	0.001	0.641	0.009	0.074	0.030	0.008
angry	0.606	0.001	0.274	0.013	0.048	0.023	0.035
fear	0.324	0.001	0.526	0.012	0.080	0.035	0.023
fear	0.235	0.001	0.568	0.009	0.142	0.022	0.024
fear	0.268	0.004	0.590	0.015	0.072	0.016	0.034
fear	0.270	0.001	0.537	0.017	0.110	0.047	0.019
fear	0.379	0.001	0.421	0.031	0.069	0.061	0.038
angry	0.732	0.000	0.156	0.019	0.036	0.027	0.030
angry	0.526	0.001	0.291	0.030	0.078	0.024	0.050
angry	0.758	0.001	0.167	0.004	0.057	0.004	0.008
angry	0.554	0.001	0.265	0.028	0.092	0.020	0.041
angry	0.713	0.001	0.186	0.010	0.064	0.008	0.019
angry	0.703	0.001	0.205	0.012	0.055	0.007	0.017
fear	0.133	0.000	0.581	0.010	0.223	0.026	0.025
fear	0.215	0.001	0.615	0.009	0.119	0.034	0.007
fear	0.089	0.001	0.602	0.023	0.169	0.104	0.012
fear	0.108	0.001	0.609	0.021	0.200	0.051	0.010
fear	0.102	0.001	0.538	0.009	0.310	0.030	0.009
fear	0.110	0.001	0.655	0.009	0.186	0.035	0.004
fear	0.126	0.002	0.663	0.011	0.139	0.048	0.012
fear	0.126	0.001	0.691	0.007	0.128	0.038	0.008
fear	0.106	0.002	0.652	0.010	0.156	0.064	0.010
fear	0.128	0.001	0.632	0.012	0.156	0.054	0.018
fear	0.066	0.000	0.684	0.007	0.129	0.101	0.013
fear	0.089	0.001	0.698	0.011	0.109	0.075	0.016
fear	0.108	0.001	0.702	0.014	0.101	0.054	0.020
fear	0.089	0.001	0.628	0.016	0.163	0.079	0.024
fear	0.064	0.001	0.620	0.027	0.153	0.105	0.030
fear	0.081	0.001	0.579	0.045	0.138	0.123	0.032
fear	0.079	0.001	0.657	0.026	0.131	0.075	0.031
fear	0.079	0.001	0.702	0.008	0.152	0.042	0.016
fear	0.052	0.003	0.670	0.010	0.199	0.034	0.033
fear	0.086	0.002	0.602	0.023	0.179	0.073	0.035
fear	0.073	0.003	0.656	0.007	0.209	0.034	0.019
fear	0.083	0.001	0.651	0.017	0.172	0.041	0.035
fear	0.097	0.003	0.657	0.011	0.186	0.031	0.016
angry	0.445	0.002	0.389	0.005	0.131	0.014	0.014
fear	0.232	0.000	0.521	0.008	0.190	0.029	0.020
fear	0.247	0.001	0.528	0.020	0.104	0.061	0.039
angry	0.445	0.000	0.358	0.030	0.072	0.053	0.042
fear	0.142	0.003	0.662	0.013	0.140	0.025	0.014
fear	0.074	0.003	0.623	0.013	0.185	0.073	0.030
fear	0.118	0.001	0.606	0.015	0.175	0.067	0.019
fear	0.100	0.001	0.668	0.019	0.108	0.079	0.025
fear	0.102	0.001	0.605	0.013	0.187	0.061	0.031
fear	0.087	0.001	0.650	0.012	0.165	0.061	0.023
fear	0.098	0.000	0.624	0.021	0.139	0.097	0.020
fear	0.086	0.001	0.689	0.006	0.170	0.033	0.015
fear	0.123	0.001	0.615	0.015	0.192	0.037	0.018
fear	0.103	0.001	0.572	0.018	0.227	0.056	0.024
fear	0.086	0.002	0.538	0.050	0.172	0.098	0.054
fear	0.083	0.001	0.659	0.012	0.187	0.036	0.022
fear	0.086	0.001	0.612	0.016	0.190	0.060	0.034
fear	0.102	0.001	0.640	0.017	0.168	0.049	0.024
fear	0.059	0.001	0.688	0.008	0.126	0.096	0.022
fear	0.110	0.001	0.702	0.015	0.110	0.044	0.018
fear	0.068	0.003	0.581	0.027	0.186	0.071	0.064
fear	0.118	0.000	0.607	0.019	0.158	0.064	0.032
fear	0.121	0.002	0.607	0.017	0.199	0.031	0.024
fear	0.059	0.001	0.716	0.006	0.151	0.049	0.019
fear	0.202	0.000	0.618	0.004	0.159	0.011	0.006
angry	0.417	0.001	0.403	0.019	0.100	0.032	0.029
fear	0.330	0.001	0.508	0.013	0.094	0.029	0.025
angry	0.433	0.001	0.330	0.026	0.103	0.072	0.035
angry	0.506	0.000	0.312	0.023	0.070	0.062	0.028
angry	0.565	0.000	0.258	0.029	0.063	0.055	0.029
angry	0.540	0.001	0.324	0.018	0.058	0.039	0.022
angry	0.681	0.001	0.233	0.008	0.043	0.015	0.018
fear	0.314	0.001	0.476	0.023	0.094	0.061	0.032
fear	0.353	0.001	0.382	0.037	0.072	0.111	0.046
angry	0.704	0.001	0.225	0.009	0.023	0.017	0.021
angry	0.659	0.000	0.214	0.016	0.046	0.023	0.041
angry	0.595	0.000	0.233	0.016	0.077	0.033	0.045
angry	0.634	0.001	0.215	0.014	0.068	0.018	0.050
angry	0.595	0.001	0.259	0.010	0.076	0.024	0.035
angry	0.620	0.001	0.243	0.013	0.050	0.034	0.038
angry	0.561	0.001	0.334	0.008	0.051	0.021	0.024
angry	0.563	0.001	0.254	0.016	0.084	0.036	0.046
angry	0.649	0.000	0.218	0.014	0.048	0.034	0.037
angry	0.532	0.000	0.320	0.018	0.056	0.037	0.037
angry	0.646	0.001	0.257	0.008	0.051	0.020	0.017
angry	0.806	0.000	0.117	0.010	0.022	0.021	0.025
angry	0.597	0.001	0.276	0.018	0.034	0.052	0.022
angry	0.781	0.001	0.142	0.007	0.035	0.016	0.018
angry	0.737	0.001	0.175	0.007	0.044	0.016	0.020
angry	0.692	0.001	0.222	0.004	0.045	0.022	0.013
angry	0.680	0.001	0.187	0.016	0.044	0.041	0.030
angry	0.615	0.001	0.229	0.036	0.031	0.059	0.028
fear	0.164	0.001	0.655	0.008	0.122	0.021	0.028
angry	0.509	0.001	0.343	0.007	0.083	0.031	0.027
angry	0.533	0.001	0.346	0.010	0.071	0.015	0.025
angry	0.553	0.000	0.315	0.012	0.047	0.046	0.026
angry	0.562	0.001	0.273	0.024	0.058	0.057	0.024
angry	0.592	0.000	0.257	0.020	0.044	0.051	0.036
angry	0.521	0.001	0.327	0.022	0.066	0.027	0.036
angry	0.620	0.001	0.227	0.018	0.041	0.057	0.037
angry	0.660	0.000	0.242	0.011	0.029	0.034	0.023
angry	0.552	0.001	0.295	0.007	0.096	0.024	0.025
angry	0.497	0.001	0.364	0.009	0.080	0.028	0.023
angry	0.546	0.001	0.328	0.010	0.062	0.030	0.023
angry	0.518	0.001	0.312	0.019	0.078	0.027	0.045
angry	0.532	0.000	0.266	0.025	0.079	0.054	0.044
angry	0.426	0.001	0.399	0.013	0.117	0.018	0.026
fear	0.090	0.003	0.694	0.007	0.139	0.048	0.019
fear	0.108	0.002	0.620	0.028	0.144	0.073	0.025
fear	0.081	0.001	0.633	0.014	0.143	0.095	0.034
fear	0.077	0.001	0.639	0.006	0.164	0.082	0.031
fear	0.090	0.001	0.612	0.020	0.177	0.078	0.022
fear	0.090	0.002	0.658	0.009	0.122	0.088	0.032
fear	0.097	0.002	0.656	0.013	0.137	0.065	0.031
fear	0.119	0.001	0.612	0.007	0.187	0.051	0.022
fear	0.186	0.001	0.597	0.018	0.136	0.032	0.031
angry	0.414	0.000	0.405	0.015	0.114	0.023	0.028
fear	0.348	0.000	0.535	0.010	0.073	0.021	0.011
angry	0.491	0.000	0.339	0.014	0.080	0.049	0.027
angry	0.523	0.001	0.345	0.015	0.065	0.020	0.030
angry	0.550	0.000	0.311	0.015	0.076	0.030	0.018
angry	0.394	0.000	0.392	0.032	0.096	0.065	0.022
angry	0.710	0.001	0.182	0.014	0.047	0.025	0.021
angry	0.637	0.001	0.237	0.030	0.023	0.062	0.010
angry	0.629	0.001	0.250	0.021	0.055	0.020	0.025
angry	0.537	0.000	0.329	0.018	0.056	0.027	0.033
angry	0.734	0.001	0.168	0.008	0.044	0.025	0.021
angry	0.726	0.000	0.192	0.010	0.031	0.020	0.021
angry	0.550	0.001	0.252	0.023	0.069	0.060	0.045
angry	0.465	0.001	0.326	0.018	0.087	0.055	0.048
angry	0.624	0.000	0.217	0.019	0.060	0.035	0.045
angry	0.700	0.001	0.161	0.021	0.038	0.034	0.045
angry	0.503	0.000	0.358	0.010	0.055	0.037	0.037
angry	0.704	0.001	0.186	0.013	0.045	0.019	0.034
angry	0.489	0.000	0.353	0.011	0.075	0.038	0.034
angry	0.487	0.000	0.363	0.009	0.092	0.024	0.024
angry	0.743	0.000	0.149	0.017	0.021	0.033	0.037
angry	0.682	0.000	0.228	0.009	0.031	0.023	0.028
angry	0.754	0.000	0.152	0.013	0.025	0.019	0.036
fear	0.286	0.002	0.553	0.004	0.120	0.008	0.026
fear	0.097	0.002	0.680	0.012	0.131	0.043	0.036
fear	0.104	0.002	0.588	0.013	0.200	0.050	0.045
fear	0.131	0.002	0.605	0.007	0.185	0.041	0.028
fear	0.210	0.001	0.606	0.011	0.112	0.028	0.032
angry	0.709	0.000	0.204	0.009	0.031	0.033	0.013
angry	0.597	0.000	0.255	0.020	0.056	0.030	0.041
angry	0.563	0.000	0.321	0.013	0.046	0.034	0.023
angry	0.669	0.000	0.184	0.021	0.049	0.026	0.051
angry	0.620	0.001	0.192	0.033	0.041	0.066	0.048
angry	0.574	0.000	0.264	0.016	0.053	0.050	0.043
angry	0.539	0.000	0.302	0.012	0.073	0.036	0.038
angry	0.705	0.001	0.177	0.018	0.047	0.017	0.035
angry	0.703	0.000	0.204	0.009	0.037	0.020	0.027
angry	0.686	0.000	0.195	0.015	0.053	0.020	0.031
angry	0.625	0.001	0.261	0.014	0.041	0.025	0.033
angry	0.689	0.000	0.123	0.039	0.051	0.039	0.059
angry	0.562	0.000	0.319	0.007	0.054	0.029	0.029
angry	0.720	0.001	0.170	0.015	0.027	0.031	0.036
angry	0.711	0.000	0.190	0.006	0.059	0.010	0.023
angry	0.667	0.001	0.210	0.015	0.037	0.026	0.044
angry	0.784	0.001	0.115	0.011	0.028	0.017	0.044
angry	0.744	0.001	0.173	0.009	0.029	0.020	0.024
angry	0.648	0.000	0.250	0.012	0.037	0.023	0.029
angry	0.766	0.001	0.151	0.014	0.028	0.015	0.026
angry	0.684	0.000	0.234	0.009	0.033	0.019	0.022
angry	0.672	0.000	0.231	0.010	0.038	0.022	0.026
angry	0.753	0.000	0.134	0.024	0.032	0.020	0.037
angry	0.600	0.000	0.306	0.009	0.042	0.019	0.024
angry	0.680	0.001	0.235	0.015	0.023	0.021	0.025
angry	0.693	0.001	0.197	0.013	0.040	0.018	0.039
angry	0.661	0.000	0.250	0.010	0.044	0.013	0.023
angry	0.704	0.000	0.163	0.024	0.031	0.036	0.042
angry	0.758	0.000	0.101	0.021	0.034	0.034	0.051
angry	0.842	0.000	0.092	0.010	0.023	0.011	0.022
angry	0.833	0.000	0.103	0.008	0.022	0.013	0.021
angry	0.698	0.000	0.203	0.008	0.037	0.023	0.031
angry	0.717	0.000	0.131	0.019	0.028	0.059	0.046
angry	0.744	0.000	0.127	0.017	0.025	0.038	0.050
angry	0.748	0.001	0.152	0.013	0.038	0.014	0.033
angry	0.702	0.000	0.163	0.020	0.045	0.025	0.045
angry	0.686	0.001	0.178	0.012	0.045	0.031	0.046
angry	0.653	0.001	0.223	0.007	0.055	0.025	0.036
angry	0.696	0.001	0.182	0.017	0.032	0.034	0.038
angry	0.674	0.001	0.203	0.008	0.059	0.025	0.029
angry	0.651	0.000	0.211	0.014	0.056	0.022	0.046
angry	0.739	0.000	0.132	0.022	0.030	0.031	0.047
angry	0.748	0.001	0.141	0.010	0.041	0.026	0.032
angry	0.596	0.001	0.296	0.008	0.038	0.041	0.019
angry	0.626	0.000	0.242	0.025	0.028	0.048	0.030
angry	0.691	0.000	0.161	0.015	0.048	0.044	0.041
angry	0.685	0.001	0.163	0.017	0.032	0.056	0.046
angry	0.690	0.001	0.143	0.020	0.034	0.053	0.059
angry	0.542	0.001	0.332	0.009	0.045	0.050	0.022
angry	0.749	0.000	0.120	0.019	0.034	0.035	0.044
angry	0.776	0.000	0.097	0.020	0.026	0.038	0.043
angry	0.735	0.000	0.085	0.027	0.023	0.069	0.060
angry	0.774	0.001	0.140	0.012	0.024	0.019	0.030
angry	0.765	0.001	0.141	0.007	0.033	0.029	0.024
angry	0.712	0.001	0.208	0.006	0.038	0.017	0.018
angry	0.576	0.001	0.288	0.007	0.077	0.022	0.029
angry	0.749	0.000	0.167	0.008	0.039	0.017	0.020
fear	0.173	0.001	0.605	0.008	0.154	0.033	0.026
fear	0.323	0.001	0.511	0.006	0.097	0.033	0.029
angry	0.501	0.001	0.394	0.006	0.062	0.016	0.020
angry	0.574	0.001	0.307	0.012	0.045	0.031	0.030
angry	0.470	0.001	0.335	0.028	0.070	0.054	0.043
angry	0.626	0.000	0.232	0.025	0.052	0.036	0.028
angry	0.624	0.001	0.230	0.020	0.061	0.034	0.031
angry	0.533	0.000	0.365	0.011	0.048	0.024	0.020
angry	0.558	0.000	0.274	0.031	0.062	0.040	0.035
fear	0.409	0.000	0.451	0.005	0.100	0.022	0.012
fear	0.365	0.001	0.466	0.010	0.105	0.035	0.019
angry	0.415	0.000	0.383	0.023	0.092	0.055	0.031
angry	0.495	0.001	0.333	0.015	0.083	0.048	0.026
angry	0.542	0.000	0.302	0.020	0.066	0.040	0.029
angry	0.623	0.000	0.231	0.016	0.057	0.041	0.032
angry	0.550	0.000	0.276	0.020	0.089	0.028	0.037
angry	0.575	0.000	0.243	0.017	0.074	0.054	0.037
angry	0.486	0.001	0.312	0.008	0.074	0.084	0.035
angry	0.466	0.001	0.329	0.012	0.088	0.062	0.043
fear	0.364	0.001	0.384	0.012	0.137	0.052	0.051
angry	0.555	0.000	0.271	0.014	0.081	0.043	0.036
angry	0.400	0.000	0.382	0.012	0.144	0.034	0.028
angry	0.540	0.000	0.291	0.009	0.110	0.023	0.027
angry	0.494	0.001	0.262	0.020	0.085	0.093	0.046
angry	0.635	0.001	0.183	0.021	0.045	0.074	0.042
angry	0.442	0.000	0.374	0.015	0.089	0.051	0.028
angry	0.474	0.000	0.343	0.026	0.058	0.065	0.034
angry	0.477	0.000	0.358	0.016	0.083	0.039	0.026
angry	0.640	0.000	0.180	0.017	0.070	0.042	0.049
fear	0.377	0.000	0.455	0.013	0.096	0.036	0.023
angry	0.495	0.000	0.364	0.014	0.071	0.038	0.018
angry	0.528	0.000	0.338	0.013	0.064	0.041	0.016
angry	0.459	0.001	0.274	0.030	0.083	0.097	0.057
angry	0.580	0.000	0.279	0.022	0.043	0.054	0.022
fear	0.392	0.001	0.408	0.023	0.099	0.050	0.028
angry	0.443	0.001	0.375	0.018	0.087	0.052	0.024
angry	0.646	0.000	0.186	0.012	0.097	0.031	0.027
fear	0.262	0.001	0.474	0.012	0.203	0.019	0.030
fear	0.243	0.001	0.554	0.004	0.168	0.017	0.014
angry	0.496	0.000	0.373	0.010	0.057	0.045	0.019
angry	0.505	0.000	0.309	0.012	0.117	0.021	0.036
angry	0.580	0.000	0.220	0.048	0.045	0.063	0.044
angry	0.770	0.000	0.131	0.012	0.041	0.015	0.030
angry	0.734	0.000	0.168	0.009	0.044	0.017	0.028
angry	0.784	0.000	0.132	0.010	0.042	0.014	0.019
angry	0.733	0.000	0.165	0.010	0.047	0.014	0.031
angry	0.743	0.000	0.139	0.016	0.038	0.031	0.034
angry	0.581	0.000	0.279	0.016	0.047	0.051	0.025
angry	0.791	0.000	0.092	0.013	0.038	0.031	0.036
angry	0.472	0.000	0.288	0.022	0.148	0.036	0.034
angry	0.500	0.000	0.342	0.020	0.058	0.056	0.024
angry	0.763	0.000	0.111	0.015	0.032	0.040	0.039
angry	0.603	0.000	0.279	0.016	0.038	0.042	0.020
angry	0.705	0.000	0.190	0.008	0.031	0.041	0.025
angry	0.470	0.001	0.348	0.020	0.076	0.045	0.039
angry	0.713	0.000	0.155	0.015	0.038	0.040	0.039
angry	0.468	0.000	0.360	0.010	0.120	0.013	0.028
fear	0.148	0.002	0.557	0.016	0.199	0.034	0.043
fear	0.300	0.001	0.486	0.013	0.151	0.014	0.036
fear	0.366	0.001	0.387	0.011	0.180	0.028	0.027
angry	0.510	0.000	0.287	0.014	0.134	0.015	0.040
angry	0.556	0.001	0.295	0.018	0.077	0.023	0.031
fear	0.260	0.001	0.605	0.002	0.110	0.012	0.010
fear	0.069	0.002	0.592	0.014	0.205	0.059	0.057
fear	0.103	0.001	0.597	0.015	0.177	0.070	0.037
fear	0.074	0.001	0.534	0.041	0.152	0.141	0.057
fear	0.070	0.002	0.632	0.014	0.166	0.089	0.027
fear	0.123	0.002	0.516	0.012	0.260	0.042	0.045
fear	0.124	0.003	0.591	0.007	0.182	0.053	0.040
fear	0.155	0.003	0.582	0.007	0.188	0.035	0.030
fear	0.127	0.003	0.562	0.009	0.179	0.071	0.049
fear	0.113	0.003	0.587	0.007	0.189	0.061	0.039
fear	0.086	0.002	0.609	0.008	0.205	0.057	0.033
fear	0.129	0.001	0.462	0.039	0.206	0.097	0.066
fear	0.102	0.002	0.587	0.014	0.211	0.043	0.041
fear	0.153	0.001	0.523	0.011	0.236	0.031	0.045
fear	0.084	0.001	0.488	0.022	0.253	0.085	0.067
fear	0.108	0.001	0.625	0.017	0.163	0.045	0.042
fear	0.109	0.002	0.571	0.012	0.205	0.053	0.049
fear	0.122	0.001	0.574	0.021	0.188	0.049	0.044
fear	0.177	0.001	0.542	0.017	0.174	0.045	0.044
fear	0.177	0.002	0.528	0.019	0.169	0.063	0.043
fear	0.113	0.002	0.605	0.015	0.166	0.057	0.042
fear	0.132	0.002	0.586	0.006	0.203	0.037	0.032
fear	0.131	0.001	0.481	0.044	0.176	0.083	0.085
fear	0.101	0.001	0.678	0.010	0.122	0.070	0.017
fear	0.277	0.001	0.549	0.002	0.155	0.007	0.010
angry	0.489	0.001	0.336	0.012	0.129	0.013	0.021
angry	0.495	0.000	0.378	0.007	0.087	0.016	0.016
angry	0.495	0.000	0.308	0.014	0.143	0.015	0.024
angry	0.621	0.001	0.276	0.013	0.052	0.016	0.022
angry	0.636	0.000	0.233	0.013	0.062	0.031	0.024
angry	0.534	0.000	0.301	0.024	0.080	0.036	0.025
fear	0.126	0.001	0.625	0.003	0.192	0.034	0.018
fear	0.134	0.002	0.599	0.004	0.220	0.023	0.019
fear	0.087	0.002	0.666	0.005	0.189	0.018	0.032
fear	0.113	0.002	0.590	0.008	0.217	0.039	0.031
fear	0.109	0.003	0.635	0.008	0.180	0.040	0.025
fear	0.118	0.002	0.618	0.007	0.188	0.043	0.024
fear	0.084	0.004	0.655	0.007	0.170	0.049	0.031
fear	0.068	0.004	0.743	0.009	0.127	0.023	0.025
fear	0.091	0.001	0.578	0.017	0.199	0.066	0.049
fear	0.108	0.001	0.596	0.010	0.173	0.067	0.045
fear	0.076	0.001	0.646	0.013	0.098	0.128	0.039
fear	0.085	0.001	0.684	0.007	0.144	0.055	0.024
fear	0.107	0.001	0.585	0.013	0.203	0.059	0.030
fear	0.092	0.003	0.536	0.015	0.253	0.049	0.052
fear	0.059	0.001	0.574	0.018	0.181	0.081	0.087
fear	0.106	0.001	0.634	0.008	0.175	0.054	0.022
fear	0.068	0.002	0.684	0.012	0.110	0.091	0.034
fear	0.061	0.002	0.665	0.019	0.124	0.087	0.043
fear	0.089	0.003	0.645	0.006	0.153	0.075	0.028
fear	0.051	0.002	0.641	0.008	0.177	0.086	0.035
fear	0.080	0.001	0.662	0.007	0.145	0.086	0.019
fear	0.070	0.001	0.628	0.016	0.157	0.097	0.031
fear	0.051	0.002	0.612	0.020	0.136	0.137	0.041
fear	0.090	0.002	0.576	0.007	0.220	0.067	0.037
fear	0.070	0.002	0.653	0.007	0.156	0.082	0.031
fear	0.062	0.001	0.658	0.012	0.155	0.068	0.044
fear	0.059	0.001	0.611	0.012	0.176	0.096	0.045
fear	0.080	0.001	0.606	0.007	0.198	0.079	0.030
fear	0.092	0.002	0.660	0.005	0.161	0.057	0.023
fear	0.089	0.002	0.605	0.010	0.137	0.111	0.047
fear	0.060	0.001	0.586	0.013	0.195	0.094	0.052
fear	0.087	0.002	0.654	0.008	0.121	0.100	0.028
fear	0.107	0.003	0.627	0.010	0.157	0.065	0.032
fear	0.075	0.001	0.579	0.015	0.194	0.075	0.060
fear	0.055	0.002	0.595	0.013	0.192	0.082	0.060
fear	0.066	0.001	0.568	0.020	0.168	0.137	0.040
fear	0.087	0.001	0.712	0.011	0.122	0.043	0.025
fear	0.073	0.000	0.575	0.025	0.160	0.129	0.038
fear	0.076	0.002	0.527	0.010	0.261	0.060	0.064
fear	0.054	0.001	0.571	0.016	0.187	0.124	0.048
fear	0.064	0.001	0.576	0.007	0.271	0.047	0.035
fear	0.060	0.001	0.651	0.009	0.181	0.067	0.031
fear	0.090	0.001	0.650	0.009	0.154	0.069	0.026
fear	0.095	0.002	0.639	0.005	0.181	0.058	0.020
fear	0.094	0.003	0.589	0.006	0.238	0.046	0.024
fear	0.115	0.003	0.592	0.008	0.193	0.060	0.029
fear	0.112	0.003	0.598	0.009	0.221	0.027	0.030
fear	0.121	0.005	0.611	0.008	0.186	0.050	0.020
fear	0.103	0.002	0.615	0.005	0.203	0.047	0.025
fear	0.110	0.003	0.596	0.006	0.215	0.047	0.023
fear	0.088	0.002	0.599	0.005	0.249	0.036	0.022
fear	0.101	0.002	0.636	0.005	0.212	0.028	0.016
fear	0.093	0.002	0.628	0.006	0.218	0.035	0.019
fear	0.075	0.002	0.666	0.005	0.162	0.073	0.017
fear	0.075	0.002	0.673	0.008	0.141	0.075	0.026
fear	0.079	0.001	0.653	0.009	0.142	0.093	0.022
fear	0.090	0.001	0.634	0.009	0.179	0.064	0.024
fear	0.093	0.002	0.655	0.011	0.148	0.064	0.026
fear	0.079	0.001	0.676	0.012	0.126	0.087	0.019
fear	0.072	0.001	0.608	0.016	0.182	0.085	0.036
fear	0.090	0.002	0.601	0.013	0.187	0.079	0.029
fear	0.086	0.001	0.576	0.017	0.205	0.083	0.032
fear	0.080	0.001	0.585	0.018	0.192	0.094	0.031
fear	0.080	0.001	0.565	0.021	0.193	0.103	0.037
fear	0.078	0.001	0.613	0.011	0.189	0.081	0.027
fear	0.079	0.001	0.620	0.009	0.142	0.124	0.025
fear	0.073	0.001	0.687	0.010	0.117	0.089	0.023
fear	0.101	0.002	0.618	0.009	0.160	0.082	0.027
fear	0.077	0.001	0.635	0.009	0.151	0.095	0.031
fear	0.092	0.002	0.625	0.008	0.187	0.062	0.025
fear	0.136	0.002	0.624	0.006	0.172	0.043	0.018
fear	0.089	0.002	0.610	0.017	0.161	0.092	0.029
fear	0.103	0.003	0.627	0.007	0.190	0.042	0.028
fear	0.092	0.002	0.637	0.007	0.179	0.051	0.031
fear	0.164	0.002	0.501	0.021	0.204	0.059	0.050
fear	0.090	0.001	0.573	0.008	0.235	0.062	0.029
fear	0.106	0.002	0.575	0.006	0.245	0.040	0.026
fear	0.081	0.001	0.620	0.010	0.162	0.100	0.027
fear	0.098	0.001	0.633	0.016	0.118	0.105	0.029
fear	0.095	0.001	0.630	0.008	0.163	0.075	0.028
fear	0.094	0.001	0.586	0.010	0.207	0.068	0.034
fear	0.072	0.001	0.700	0.005	0.135	0.075	0.012
fear	0.090	0.001	0.635	0.010	0.144	0.090	0.029
fear	0.093	0.001	0.623	0.010	0.161	0.086	0.026
fear	0.079	0.001	0.690	0.008	0.122	0.082	0.018
fear	0.072	0.001	0.631	0.014	0.180	0.075	0.027
fear	0.104	0.001	0.616	0.011	0.145	0.093	0.030
fear	0.091	0.002	0.637	0.006	0.176	0.065	0.024
fear	0.100	0.001	0.646	0.010	0.152	0.066	0.025
fear	0.088	0.002	0.582	0.006	0.245	0.051	0.025
fear	0.107	0.001	0.619	0.008	0.182	0.060	0.022
fear	0.096	0.001	0.655	0.005	0.190	0.035	0.019
fear	0.398	0.001	0.460	0.012	0.082	0.026	0.021
fear	0.317	0.001	0.440	0.022	0.109	0.066	0.046
angry	0.463	0.001	0.354	0.035	0.067	0.046	0.033
angry	0.610	0.001	0.262	0.018	0.043	0.041	0.026
angry	0.551	0.001	0.308	0.009	0.063	0.046	0.022
angry	0.436	0.001	0.337	0.039	0.111	0.039	0.037
angry	0.601	0.001	0.245	0.022	0.044	0.059	0.028
angry	0.643	0.001	0.272	0.006	0.056	0.010	0.012
angry	0.511	0.000	0.339	0.014	0.043	0.072	0.021
angry	0.653	0.000	0.278	0.006	0.044	0.009	0.010
angry	0.504	0.001	0.353	0.019	0.082	0.016	0.025
angry	0.487	0.001	0.349	0.035	0.083	0.017	0.028
angry	0.589	0.001	0.302	0.014	0.060	0.017	0.018
angry	0.550	0.000	0.320	0.032	0.048	0.026	0.024
angry	0.664	0.001	0.235	0.018	0.046	0.017	0.019
angry	0.492	0.001	0.368	0.024	0.071	0.021	0.022
angry	0.595	0.001	0.268	0.022	0.074	0.014	0.026
angry	0.588	0.001	0.258	0.023	0.054	0.035	0.041
fear	0.382	0.001	0.430	0.018	0.131	0.012	0.027
fear	0.229	0.001	0.517	0.010	0.223	0.010	0.012
fear	0.307	0.001	0.472	0.023	0.113	0.059	0.025
angry	0.545	0.000	0.308	0.011	0.098	0.022	0.016
fear	0.371	0.000	0.404	0.021	0.067	0.113	0.024
angry	0.465	0.000	0.358	0.023	0.059	0.072	0.023
angry	0.604	0.001	0.249	0.026	0.036	0.053	0.030
angry	0.627	0.000	0.221	0.016	0.047	0.065	0.023
angry	0.579	0.000	0.261	0.018	0.052	0.059	0.032
angry	0.526	0.000	0.268	0.025	0.030	0.121	0.030
angry	0.550	0.001	0.275	0.037	0.065	0.038	0.034
angry	0.560	0.000	0.312	0.015	0.051	0.035	0.026
angry	0.546	0.001	0.327	0.024	0.060	0.018	0.024
angry	0.694	0.000	0.213	0.016	0.044	0.015	0.019
angry	0.634	0.000	0.268	0.008	0.047	0.025	0.018
angry	0.657	0.001	0.251	0.009	0.040	0.023	0.020
angry	0.640	0.001	0.249	0.009	0.059	0.017	0.025
angry	0.569	0.001	0.254	0.024	0.101	0.016	0.034
angry	0.675	0.001	0.200	0.011	0.060	0.023	0.031
angry	0.523	0.000	0.254	0.015	0.060	0.098	0.049
angry	0.671	0.000	0.128	0.020	0.048	0.077	0.056
angry	0.634	0.000	0.163	0.014	0.058	0.067	0.063
angry	0.655	0.000	0.143	0.021	0.067	0.054	0.059
fear	0.076	0.002	0.648	0.005	0.213	0.038	0.018
angry	0.443	0.001	0.353	0.021	0.113	0.031	0.039
angry	0.418	0.000	0.349	0.014	0.098	0.075	0.046
angry	0.405	0.001	0.382	0.024	0.070	0.080	0.038
angry	0.487	0.001	0.363	0.018	0.045	0.054	0.032
angry	0.487	0.000	0.358	0.020	0.056	0.045	0.034
angry	0.668	0.000	0.125	0.015	0.025	0.119	0.049
angry	0.460	0.000	0.331	0.012	0.104	0.052	0.041
angry	0.526	0.000	0.218	0.012	0.116	0.076	0.052
angry	0.583	0.000	0.229	0.010	0.102	0.039	0.036
angry	0.428	0.000	0.375	0.012	0.099	0.065	0.021
angry	0.443	0.001	0.356	0.016	0.094	0.057	0.032
angry	0.571	0.000	0.293	0.013	0.041	0.055	0.027
angry	0.464	0.000	0.321	0.012	0.098	0.053	0.051
fear	0.371	0.000	0.423	0.016	0.146	0.025	0.019
angry	0.490	0.000	0.305	0.017	0.113	0.045	0.030
fear	0.207	0.001	0.518	0.017	0.166	0.052	0.039
fear	0.364	0.000	0.416	0.009	0.174	0.017	0.020
fear	0.315	0.000	0.420	0.019	0.135	0.065	0.045
fear	0.060	0.001	0.622	0.004	0.207	0.076	0.029
fear	0.056	0.001	0.622	0.003	0.223	0.073	0.022
fear	0.072	0.001	0.570	0.007	0.192	0.121	0.036
fear	0.066	0.002	0.610	0.008	0.201	0.074	0.039
fear	0.048	0.002	0.667	0.008	0.169	0.080	0.025
fear	0.067	0.001	0.603	0.006	0.227	0.064	0.032
fear	0.060	0.002	0.600	0.020	0.192	0.074	0.051
fear	0.118	0.001	0.485	0.020	0.201	0.117	0.058
fear	0.058	0.001	0.654	0.006	0.165	0.092	0.023
fear	0.085	0.002	0.526	0.009	0.231	0.106	0.042
fear	0.067	0.001	0.561	0.008	0.242	0.083	0.038
fear	0.068	0.002	0.649	0.008	0.174	0.067	0.032
fear	0.071	0.002	0.633	0.006	0.180	0.077	0.031
fear	0.067	0.002	0.586	0.016	0.154	0.129	0.047
fear	0.056	0.001	0.666	0.004	0.186	0.061	0.026
fear	0.066	0.001	0.686	0.004	0.159	0.065	0.019
fear	0.060	0.001	0.643	0.004	0.189	0.074	0.028
fear	0.070	0.001	0.632	0.007	0.165	0.091	0.034
fear	0.063	0.001	0.603	0.007	0.171	0.114	0.040
fear	0.066	0.001	0.614	0.006	0.200	0.087	0.026
fear	0.061	0.001	0.636	0.007	0.180	0.086	0.030
fear	0.056	0.001	0.691	0.005	0.164	0.060	0.023
fear	0.089	0.001	0.577	0.013	0.188	0.092	0.040
fear	0.058	0.001	0.578	0.008	0.217	0.104	0.033
fear	0.076	0.001	0.600	0.011	0.180	0.096	0.037
fear	0.077	0.001	0.655	0.005	0.175	0.062	0.024
fear	0.064	0.001	0.632	0.008	0.150	0.117	0.027
fear	0.075	0.001	0.631	0.009	0.179	0.078	0.026
fear	0.057	0.001	0.728	0.006	0.125	0.073	0.011
fear	0.116	0.003	0.601	0.005	0.191	0.059	0.026
fear	0.075	0.000	0.610	0.011	0.113	0.160	0.029
fear	0.064	0.001	0.636	0.012	0.136	0.118	0.034
fear	0.048	0.000	0.644	0.010	0.133	0.138	0.026
fear	0.053	0.000	0.656	0.013	0.120	0.138	0.020
fear	0.094	0.000	0.587	0.015	0.136	0.123	0.045
fear	0.091	0.001	0.676	0.005	0.148	0.060	0.018
fear	0.078	0.000	0.656	0.008	0.114	0.118	0.025
fear	0.065	0.000	0.664	0.006	0.137	0.104	0.024
fear	0.070	0.000	0.609	0.014	0.166	0.116	0.024
fear	0.059	0.001	0.698	0.003	0.145	0.080	0.014
fear	0.057	0.000	0.645	0.008	0.109	0.157	0.023
fear	0.066	0.000	0.673	0.010	0.114	0.113	0.024
fear	0.042	0.001	0.771	0.004	0.106	0.067	0.010
fear	0.085	0.000	0.587	0.020	0.183	0.111	0.013
fear	0.098	0.000	0.581	0.012	0.236	0.063	0.009
fear	0.100	0.000	0.624	0.014	0.197	0.055	0.010
fear	0.130	0.003	0.553	0.023	0.213	0.051	0.028
fear	0.101	0.001	0.558	0.018	0.201	0.066	0.054
fear	0.068	0.002	0.719	0.004	0.154	0.047	0.006
fear	0.105	0.001	0.640	0.006	0.185	0.050	0.014
fear	0.069	0.002	0.568	0.013	0.241	0.065	0.042
fear	0.130	0.001	0.558	0.009	0.246	0.039	0.017
fear	0.078	0.002	0.595	0.012	0.241	0.040	0.032
fear	0.073	0.001	0.741	0.004	0.155	0.018	0.008
fear	0.062	0.001	0.693	0.008	0.190	0.036	0.010
fear	0.040	0.001	0.753	0.007	0.111	0.080	0.008
fear	0.066	0.001	0.757	0.007	0.115	0.044	0.011
fear	0.067	0.001	0.585	0.017	0.126	0.185	0.019
fear	0.115	0.001	0.617	0.013	0.199	0.043	0.011
fear	0.137	0.001	0.571	0.010	0.235	0.032	0.013
fear	0.149	0.006	0.656	0.010	0.109	0.062	0.008
fear	0.114	0.001	0.573	0.015	0.206	0.072	0.019
fear	0.089	0.001	0.702	0.008	0.142	0.049	0.008
fear	0.096	0.002	0.662	0.008	0.159	0.066	0.007
fear	0.133	0.001	0.718	0.004	0.127	0.014	0.004
fear	0.102	0.001	0.725	0.006	0.144	0.015	0.006
fear	0.086	0.001	0.550	0.025	0.203	0.110	0.024
fear	0.101	0.001	0.685	0.005	0.168	0.029	0.010
fear	0.137	0.004	0.536	0.022	0.212	0.063	0.026
fear	0.087	0.001	0.576	0.017	0.150	0.150	0.019
fear	0.102	0.001	0.634	0.006	0.200	0.039	0.019
fear	0.073	0.002	0.540	0.008	0.304	0.054	0.019
fear	0.089	0.001	0.531	0.019	0.254	0.079	0.026
fear	0.110	0.001	0.478	0.018	0.271	0.083	0.038
fear	0.121	0.001	0.503	0.017	0.278	0.053	0.027
fear	0.104	0.001	0.485	0.024	0.298	0.055	0.033
fear	0.096	0.001	0.476	0.020	0.313	0.061	0.033
fear	0.164	0.000	0.656	0.019	0.094	0.052	0.014
fear	0.166	0.000	0.635	0.013	0.100	0.074	0.012
angry	0.444	0.000	0.395	0.023	0.094	0.031	0.013
fear	0.230	0.000	0.561	0.022	0.137	0.036	0.014
fear	0.387	0.000	0.428	0.015	0.122	0.027	0.020
fear	0.216	0.000	0.593	0.019	0.081	0.078	0.012
angry	0.429	0.000	0.417	0.013	0.086	0.037	0.018
fear	0.064	0.001	0.718	0.006	0.165	0.035	0.011
fear	0.100	0.000	0.674	0.012	0.138	0.052	0.024
fear	0.053	0.000	0.698	0.009	0.076	0.141	0.023
fear	0.041	0.000	0.658	0.009	0.136	0.143	0.012
fear	0.039	0.000	0.770	0.003	0.106	0.070	0.011
fear	0.059	0.000	0.721	0.005	0.146	0.058	0.012
fear	0.044	0.000	0.658	0.006	0.165	0.115	0.012
fear	0.049	0.000	0.696	0.007	0.132	0.098	0.018
fear	0.081	0.000	0.684	0.006	0.150	0.058	0.020
fear	0.062	0.000	0.573	0.022	0.147	0.172	0.024
fear	0.080	0.001	0.555	0.013	0.216	0.096	0.040
fear	0.064	0.000	0.688	0.007	0.129	0.093	0.019
fear	0.057	0.000	0.630	0.011	0.148	0.126	0.028
fear	0.063	0.000	0.653	0.014	0.123	0.130	0.017
fear	0.067	0.000	0.597	0.013	0.165	0.129	0.030
fear	0.060	0.000	0.638	0.011	0.165	0.097	0.029
fear	0.048	0.000	0.716	0.007	0.133	0.077	0.019
fear	0.068	0.000	0.601	0.016	0.179	0.112	0.023
fear	0.068	0.001	0.601	0.014	0.235	0.052	0.029
fear	0.051	0.000	0.668	0.010	0.154	0.101	0.014
fear	0.074	0.002	0.575	0.007	0.298	0.024	0.021
fear	0.075	0.000	0.645	0.014	0.119	0.118	0.027
fear	0.056	0.003	0.684	0.009	0.143	0.077	0.027
fear	0.031	0.000	0.738	0.006	0.096	0.113	0.015
fear	0.069	0.001	0.665	0.005	0.202	0.043	0.015
fear	0.050	0.001	0.589	0.016	0.193	0.116	0.034
fear	0.065	0.001	0.491	0.019	0.301	0.085	0.038
fear	0.074	0.000	0.598	0.009	0.194	0.098	0.027
fear	0.070	0.001	0.606	0.020	0.156	0.121	0.026
fear	0.108	0.005	0.572	0.010	0.266	0.014	0.025
fear	0.047	0.001	0.550	0.025	0.179	0.150	0.048
fear	0.063	0.000	0.624	0.016	0.119	0.150	0.027
fear	0.056	0.000	0.665	0.010	0.109	0.134	0.025
fear	0.067	0.006	0.558	0.014	0.276	0.034	0.045
fear	0.060	0.001	0.714	0.008	0.135	0.061	0.022
fear	0.138	0.001	0.546	0.017	0.203	0.063	0.031
fear	0.057	0.001	0.685	0.016	0.156	0.054	0.031
fear	0.091	0.002	0.525	0.026	0.249	0.077	0.031
fear	0.058	0.001	0.604	0.013	0.224	0.067	0.033
fear	0.043	0.001	0.752	0.008	0.082	0.091	0.023
fear	0.149	0.005	0.502	0.030	0.248	0.028	0.038
fear	0.042	0.002	0.634	0.019	0.194	0.075	0.033
fear	0.072	0.003	0.524	0.011	0.285	0.030	0.076
fear	0.078	0.002	0.454	0.024	0.355	0.017	0.070
fear	0.065	0.002	0.436	0.020	0.370	0.044	0.063
fear	0.126	0.003	0.482	0.033	0.266	0.035	0.054
fear	0.063	0.004	0.575	0.010	0.280	0.021	0.048
fear	0.119	0.002	0.483	0.044	0.256	0.043	0.053
fear	0.085	0.002	0.398	0.076	0.343	0.024	0.072
fear	0.031	0.001	0.648	0.013	0.205	0.063	0.038
sad	0.047	0.001	0.341	0.008	0.538	0.021	0.042
fear	0.097	0.002	0.415	0.054	0.308	0.054	0.070
fear	0.056	0.003	0.530	0.011	0.294	0.048	0.057
fear	0.051	0.002	0.475	0.006	0.414	0.018	0.034
fear	0.056	0.002	0.492	0.036	0.241	0.071	0.102
fear	0.060	0.003	0.503	0.009	0.346	0.026	0.053
fear	0.097	0.003	0.478	0.035	0.302	0.028	0.056
fear	0.071	0.001	0.444	0.017	0.409	0.020	0.038
fear	0.040	0.001	0.618	0.014	0.199	0.090	0.038
fear	0.060	0.002	0.590	0.016	0.202	0.070	0.061
sad	0.095	0.001	0.394	0.013	0.427	0.018	0.052
sad	0.070	0.002	0.360	0.014	0.490	0.016	0.048
fear	0.105	0.001	0.545	0.025	0.218	0.064	0.043
fear	0.128	0.009	0.557	0.007	0.246	0.018	0.034
fear	0.074	0.001	0.585	0.015	0.213	0.070	0.042
fear	0.062	0.001	0.644	0.006	0.187	0.072	0.027
fear	0.062	0.001	0.661	0.011	0.159	0.080	0.026
fear	0.055	0.002	0.549	0.020	0.248	0.076	0.050
fear	0.045	0.002	0.468	0.012	0.387	0.048	0.038
fear	0.079	0.005	0.562	0.004	0.323	0.013	0.014
fear	0.070	0.001	0.582	0.013	0.244	0.060	0.031
fear	0.059	0.002	0.524	0.028	0.204	0.126	0.057
fear	0.058	0.002	0.622	0.010	0.228	0.041	0.039
fear	0.039	0.003	0.606	0.008	0.257	0.048	0.038
fear	0.069	0.000	0.682	0.010	0.154	0.056	0.029
fear	0.074	0.001	0.699	0.008	0.152	0.049	0.017
fear	0.060	0.003	0.561	0.012	0.289	0.033	0.043
fear	0.056	0.002	0.605	0.018	0.195	0.095	0.029
fear	0.082	0.005	0.516	0.013	0.305	0.031	0.048
fear	0.049	0.001	0.750	0.003	0.129	0.061	0.007
fear	0.072	0.001	0.607	0.015	0.185	0.076	0.044
fear	0.049	0.001	0.716	0.011	0.117	0.089	0.016
fear	0.065	0.001	0.603	0.011	0.237	0.073	0.010
fear	0.073	0.000	0.609	0.012	0.204	0.074	0.028
fear	0.073	0.001	0.628	0.008	0.209	0.060	0.021
fear	0.061	0.002	0.550	0.017	0.246	0.074	0.049
fear	0.082	0.001	0.582	0.019	0.216	0.076	0.023
sad	0.115	0.001	0.355	0.015	0.465	0.011	0.038
fear	0.159	0.004	0.474	0.026	0.270	0.028	0.040
fear	0.064	0.002	0.515	0.040	0.249	0.086	0.043
fear	0.065	0.001	0.698	0.008	0.174	0.033	0.020
fear	0.039	0.000	0.621	0.015	0.142	0.160	0.022
fear	0.105	0.001	0.584	0.021	0.164	0.084	0.042
fear	0.068	0.000	0.684	0.013	0.139	0.070	0.025
fear	0.063	0.002	0.574	0.027	0.228	0.062	0.045
fear	0.133	0.006	0.654	0.015	0.093	0.086	0.013
fear	0.077	0.001	0.690	0.011	0.148	0.059	0.015
fear	0.118	0.005	0.662	0.011	0.106	0.083	0.014
fear	0.074	0.002	0.716	0.009	0.127	0.062	0.009
fear	0.107	0.000	0.647	0.014	0.129	0.068	0.035
fear	0.137	0.007	0.543	0.017	0.235	0.027	0.035
fear	0.087	0.001	0.587	0.030	0.132	0.123	0.040
fear	0.064	0.003	0.544	0.035	0.228	0.077	0.050
fear	0.086	0.001	0.721	0.011	0.136	0.032	0.014
fear	0.079	0.001	0.627	0.012	0.170	0.082	0.029
fear	0.066	0.001	0.677	0.011	0.131	0.094	0.021
fear	0.128	0.001	0.703	0.008	0.069	0.076	0.015
fear	0.081	0.001	0.703	0.006	0.139	0.062	0.009
fear	0.050	0.000	0.620	0.011	0.150	0.149	0.020
fear	0.053	0.000	0.644	0.008	0.185	0.093	0.016
fear	0.067	0.000	0.665	0.006	0.186	0.057	0.019
fear	0.058	0.001	0.660	0.007	0.176	0.082	0.016
fear	0.081	0.001	0.722	0.003	0.128	0.058	0.007
fear	0.061	0.001	0.712	0.003	0.173	0.041	0.009
fear	0.110	0.001	0.617	0.004	0.208	0.046	0.015
fear	0.091	0.001	0.649	0.005	0.190	0.050	0.013
fear	0.101	0.001	0.665	0.007	0.177	0.033	0.015
fear	0.065	0.001	0.693	0.004	0.165	0.055	0.017
fear	0.076	0.001	0.689	0.006	0.139	0.076	0.013
fear	0.078	0.001	0.653	0.005	0.209	0.047	0.008
fear	0.063	0.001	0.708	0.005	0.171	0.042	0.010
fear	0.056	0.001	0.708	0.004	0.190	0.033	0.007
fear	0.079	0.002	0.716	0.004	0.149	0.043	0.008
fear	0.105	0.001	0.595	0.011	0.199	0.071	0.018
fear	0.120	0.001	0.639	0.008	0.158	0.051	0.023
fear	0.062	0.002	0.694	0.004	0.192	0.039	0.008
fear	0.077	0.001	0.705	0.006	0.141	0.057	0.014
fear	0.100	0.001	0.656	0.008	0.196	0.030	0.009
fear	0.083	0.003	0.700	0.004	0.177	0.025	0.007
fear	0.118	0.002	0.634	0.005	0.202	0.031	0.008
fear	0.083	0.002	0.738	0.002	0.149	0.020	0.005
fear	0.115	0.002	0.697	0.003	0.141	0.035	0.007
fear	0.173	0.002	0.582	0.009	0.177	0.045	0.013
fear	0.108	0.002	0.705	0.004	0.155	0.022	0.005
fear	0.109	0.003	0.650	0.004	0.195	0.029	0.010
fear	0.070	0.001	0.678	0.004	0.211	0.028	0.008
fear	0.074	0.001	0.700	0.003	0.175	0.034	0.013
fear	0.058	0.001	0.610	0.005	0.254	0.054	0.017
fear	0.065	0.002	0.639	0.006	0.239	0.034	0.015
fear	0.062	0.001	0.686	0.010	0.172	0.051	0.019
fear	0.045	0.001	0.672	0.009	0.188	0.065	0.020
fear	0.034	0.006	0.557	0.020	0.252	0.079	0.052
fear	0.034	0.004	0.622	0.008	0.249	0.043	0.040
fear	0.058	0.004	0.714	0.007	0.158	0.045	0.014
fear	0.065	0.002	0.646	0.008	0.220	0.042	0.017
fear	0.052	0.001	0.737	0.007	0.148	0.040	0.015
fear	0.382	0.001	0.469	0.011	0.089	0.038	0.010
fear	0.332	0.001	0.440	0.013	0.155	0.036	0.022
angry	0.459	0.001	0.390	0.020	0.075	0.029	0.026
angry	0.575	0.001	0.212	0.026	0.095	0.039	0.053
angry	0.612	0.001	0.214	0.016	0.072	0.030	0.054
angry	0.530	0.003	0.272	0.049	0.083	0.026	0.037
fear	0.237	0.001	0.312	0.173	0.043	0.151	0.082
surprise	0.125	0.000	0.283	0.150	0.049	0.354	0.039
happy	0.105	0.000	0.081	0.531	0.062	0.152	0.069
happy	0.074	0.000	0.041	0.374	0.107	0.179	0.224
neutral	0.021	0.000	0.035	0.235	0.107	0.078	0.525
neutral	0.051	0.000	0.055	0.332	0.116	0.094	0.352
happy	0.048	0.000	0.104	0.389	0.121	0.115	0.224
happy	0.145	0.001	0.201	0.295	0.075	0.093	0.190
fear	0.202	0.003	0.226	0.193	0.075	0.106	0.195
fear	0.231	0.001	0.283	0.043	0.214	0.056	0.172
fear	0.140	0.001	0.342	0.039	0.333	0.048	0.097
fear	0.241	0.005	0.281	0.091	0.187	0.074	0.122
angry	0.265	0.009	0.256	0.048	0.201	0.047	0.175
angry	0.453	0.003	0.174	0.017	0.245	0.018	0.089
fear	0.234	0.003	0.307	0.031	0.218	0.061	0.146
fear	0.336	0.002	0.389	0.012	0.198	0.038	0.025
fear	0.169	0.001	0.489	0.017	0.269	0.031	0.024
fear	0.312	0.000	0.517	0.003	0.163	0.002	0.003
fear	0.094	0.000	0.673	0.004	0.212	0.009	0.009
angry	0.423	0.000	0.300	0.010	0.231	0.013	0.024
angry	0.573	0.002	0.177	0.034	0.133	0.022	0.059
angry	0.271	0.002	0.171	0.103	0.141	0.056	0.257
fear	0.271	0.003	0.288	0.121	0.136	0.096	0.086
sad	0.153	0.002	0.184	0.151	0.212	0.107	0.192
angry	0.335	0.002	0.171	0.105	0.082	0.186	0.118
angry	0.295	0.003	0.236	0.032	0.264	0.120	0.050
angry	0.431	0.001	0.215	0.024	0.188	0.071	0.070
angry	0.424	0.002	0.212	0.037	0.154	0.103	0.069
angry	0.469	0.002	0.195	0.050	0.142	0.046	0.096
angry	0.510	0.002	0.233	0.034	0.144	0.037	0.040
angry	0.540	0.005	0.177	0.033	0.084	0.069	0.093
angry	0.605	0.001	0.178	0.046	0.059	0.038	0.072
angry	0.568	0.001	0.158	0.049	0.062	0.064	0.098
angry	0.703	0.001	0.146	0.013	0.069	0.023	0.045
angry	0.746	0.001	0.099	0.014	0.074	0.028	0.038
angry	0.783	0.003	0.079	0.023	0.040	0.025	0.046
angry	0.687	0.001	0.105	0.031	0.064	0.044	0.068
angry	0.358	0.001	0.198	0.079	0.118	0.103	0.142
neutral	0.248	0.000	0.142	0.070	0.144	0.145	0.252
neutral	0.170	0.000	0.106	0.100	0.142	0.203	0.279
neutral	0.032	0.001	0.210	0.139	0.226	0.081	0.310
neutral	0.026	0.000	0.090	0.164	0.126	0.064	0.531
neutral	0.036	0.001	0.081	0.126	0.273	0.018	0.465
neutral	0.014	0.000	0.053	0.165	0.183	0.038	0.547
neutral	0.069	0.000	0.037	0.131	0.162	0.015	0.587
neutral	0.034	0.000	0.025	0.009	0.116	0.003	0.813
neutral	0.084	0.001	0.035	0.021	0.272	0.003	0.583
neutral	0.048	0.003	0.023	0.019	0.207	0.003	0.698
neutral	0.021	0.001	0.021	0.021	0.157	0.003	0.778
neutral	0.035	0.001	0.024	0.031	0.145	0.005	0.758
neutral	0.037	0.003	0.030	0.022	0.185	0.006	0.718
neutral	0.029	0.001	0.022	0.044	0.117	0.008	0.779
neutral	0.020	0.001	0.014	0.031	0.069	0.003	0.862
neutral	0.033	0.001	0.021	0.087	0.081	0.021	0.758
neutral	0.035	0.000	0.015	0.092	0.062	0.024	0.772
neutral	0.035	0.000	0.027	0.063	0.126	0.021	0.727
neutral	0.043	0.001	0.018	0.027	0.075	0.006	0.830
neutral	0.046	0.001	0.026	0.051	0.068	0.016	0.792
neutral	0.039	0.001	0.015	0.098	0.046	0.019	0.782
neutral	0.031	0.001	0.011	0.093	0.068	0.006	0.790
neutral	0.025	0.000	0.008	0.084	0.052	0.016	0.814
neutral	0.046	0.000	0.029	0.044	0.089	0.012	0.780
neutral	0.033	0.000	0.023	0.022	0.077	0.010	0.834
neutral	0.035	0.000	0.020	0.064	0.108	0.019	0.753
neutral	0.018	0.000	0.009	0.046	0.079	0.011	0.836
neutral	0.077	0.002	0.048	0.029	0.201	0.007	0.637
neutral	0.032	0.000	0.009	0.070	0.063	0.013	0.812
neutral	0.018	0.002	0.007	0.059	0.050	0.002	0.862
neutral	0.095	0.001	0.033	0.049	0.223	0.018	0.581
neutral	0.031	0.001	0.012	0.062	0.084	0.018	0.792
neutral	0.063	0.001	0.039	0.054	0.184	0.009	0.650
neutral	0.062	0.001	0.039	0.043	0.221	0.010	0.624
neutral	0.042	0.001	0.027	0.060	0.166	0.008	0.696
neutral	0.036	0.001	0.022	0.074	0.117	0.008	0.741
neutral	0.043	0.002	0.031	0.056	0.156	0.006	0.707
neutral	0.047	0.001	0.033	0.061	0.176	0.014	0.669
neutral	0.033	0.001	0.014	0.059	0.105	0.006	0.782
neutral	0.063	0.001	0.031	0.061	0.165	0.010	0.669
neutral	0.029	0.001	0.015	0.097	0.091	0.007	0.761
neutral	0.031	0.001	0.008	0.029	0.055	0.003	0.873
neutral	0.045	0.003	0.014	0.068	0.093	0.009	0.770
neutral	0.048	0.005	0.006	0.026	0.060	0.002	0.853
neutral	0.066	0.004	0.011	0.045	0.073	0.008	0.792
neutral	0.048	0.005	0.007	0.031	0.062	0.004	0.842
neutral	0.060	0.003	0.008	0.027	0.055	0.006	0.841
neutral	0.087	0.008	0.017	0.037	0.142	0.008	0.700
neutral	0.057	0.010	0.009	0.034	0.087	0.005	0.797
neutral	0.063	0.003	0.008	0.042	0.068	0.009	0.808
neutral	0.044	0.002	0.009	0.031	0.086	0.006	0.822
neutral	0.051	0.003	0.006	0.042	0.078	0.007	0.813
neutral	0.047	0.002	0.007	0.036	0.064	0.006	0.838
neutral	0.076	0.005	0.012	0.026	0.120	0.004	0.756
neutral	0.061	0.003	0.021	0.019	0.130	0.003	0.763
neutral	0.068	0.004	0.014	0.028	0.114	0.003	0.770
neutral	0.045	0.006	0.014	0.037	0.089	0.004	0.805
neutral	0.069	0.006	0.034	0.031	0.179	0.005	0.676
neutral	0.141	0.006	0.021	0.031	0.165	0.001	0.635
neutral	0.190	0.004	0.014	0.040	0.176	0.002	0.574
neutral	0.149	0.005	0.026	0.031	0.154	0.002	0.633
neutral	0.139	0.004	0.015	0.024	0.155	0.001	0.662
neutral	0.117	0.001	0.011	0.018	0.105	0.001	0.747
neutral	0.115	0.001	0.013	0.019	0.096	0.001	0.754
neutral	0.071	0.001	0.022	0.026	0.105	0.002	0.775
neutral	0.058	0.002	0.023	0.033	0.117	0.003	0.765
neutral	0.123	0.003	0.013	0.040	0.167	0.001	0.652
neutral	0.071	0.003	0.027	0.051	0.178	0.002	0.668
neutral	0.156	0.009	0.021	0.023	0.185	0.003	0.602
neutral	0.072	0.002	0.019	0.016	0.162	0.003	0.725
neutral	0.114	0.003	0.021	0.020	0.258	0.002	0.582
neutral	0.019	0.001	0.010	0.013	0.139	0.003	0.815
neutral	0.061	0.005	0.020	0.013	0.265	0.002	0.634
neutral	0.067	0.003	0.040	0.060	0.199	0.003	0.628
neutral	0.048	0.001	0.021	0.025	0.178	0.003	0.724
neutral	0.074	0.005	0.021	0.023	0.205	0.003	0.669
neutral	0.071	0.002	0.020	0.026	0.206	0.004	0.672
neutral	0.101	0.008	0.023	0.050	0.273	0.004	0.541
neutral	0.061	0.002	0.019	0.024	0.188	0.004	0.702
neutral	0.059	0.002	0.021	0.027	0.176	0.004	0.712
neutral	0.099	0.007	0.052	0.066	0.190	0.007	0.580
neutral	0.071	0.003	0.024	0.024	0.208	0.003	0.667
neutral	0.077	0.005	0.040	0.046	0.270	0.005	0.557
neutral	0.081	0.005	0.017	0.023	0.208	0.003	0.662
neutral	0.098	0.005	0.018	0.021	0.224	0.004	0.630
neutral	0.064	0.003	0.015	0.033	0.147	0.001	0.738
neutral	0.120	0.009	0.015	0.032	0.192	0.002	0.631
neutral	0.064	0.003	0.012	0.019	0.163	0.001	0.739
neutral	0.085	0.002	0.014	0.023	0.152	0.002	0.723
neutral	0.063	0.002	0.015	0.024	0.138	0.002	0.756
neutral	0.046	0.003	0.016	0.023	0.159	0.002	0.752
neutral	0.095	0.004	0.014	0.025	0.186	0.002	0.674
neutral	0.077	0.003	0.014	0.028	0.151	0.002	0.725
neutral	0.087	0.002	0.017	0.035	0.137	0.001	0.720
neutral	0.266	0.002	0.019	0.042	0.170	0.005	0.496
neutral	0.058	0.000	0.010	0.016	0.109	0.000	0.807
neutral	0.049	0.000	0.009	0.064	0.060	0.002	0.816
neutral	0.072	0.002	0.041	0.027	0.327	0.005	0.527
sad	0.058	0.000	0.057	0.003	0.732	0.004	0.145
sad	0.103	0.000	0.110	0.001	0.753	0.001	0.032
angry	0.622	0.000	0.123	0.120	0.074	0.033	0.029
angry	0.371	0.008	0.235	0.014	0.304	0.018	0.050
sad	0.164	0.007	0.348	0.007	0.375	0.035	0.063
fear	0.093	0.001	0.451	0.028	0.184	0.164	0.079
fear	0.052	0.002	0.479	0.048	0.209	0.082	0.127
fear	0.080	0.002	0.428	0.054	0.220	0.096	0.122
fear	0.080	0.002	0.513	0.022	0.170	0.124	0.089
fear	0.089	0.002	0.596	0.011	0.135	0.132	0.035
fear	0.065	0.001	0.610	0.020	0.166	0.094	0.044
fear	0.051	0.001	0.465	0.029	0.234	0.178	0.042
fear	0.099	0.002	0.590	0.025	0.177	0.085	0.023
fear	0.071	0.005	0.570	0.019	0.221	0.082	0.033
fear	0.095	0.002	0.516	0.038	0.170	0.140	0.039
fear	0.103	0.001	0.640	0.014	0.112	0.117	0.014
fear	0.103	0.001	0.630	0.009	0.146	0.091	0.021
fear	0.081	0.001	0.622	0.015	0.157	0.101	0.024
fear	0.115	0.003	0.627	0.013	0.143	0.081	0.018
fear	0.081	0.001	0.648	0.019	0.142	0.089	0.020
fear	0.127	0.003	0.510	0.064	0.180	0.090	0.027
fear	0.089	0.002	0.574	0.027	0.125	0.155	0.029
fear	0.077	0.001	0.685	0.010	0.153	0.059	0.015
fear	0.076	0.002	0.555	0.028	0.159	0.149	0.030
fear	0.122	0.002	0.580	0.017	0.161	0.099	0.018
fear	0.099	0.002	0.498	0.029	0.159	0.178	0.035
fear	0.151	0.003	0.502	0.025	0.193	0.094	0.032
fear	0.124	0.003	0.651	0.017	0.144	0.047	0.015
fear	0.139	0.002	0.623	0.015	0.152	0.049	0.020
fear	0.093	0.002	0.442	0.025	0.194	0.216	0.028
