prediction	angry	disgust	fear	happy	sad	surprise	neutral
neutral	0.138	0.001	0.006	0.001	0.085	0.002	0.768
neutral	0.156	0.000	0.002	0.002	0.084	0.002	0.754
neutral	0.099	0.000	0.004	0.001	0.080	0.002	0.814
neutral	0.173	0.001	0.007	0.001	0.109	0.003	0.706
neutral	0.222	0.001	0.012	0.001	0.140	0.002	0.621
neutral	0.237	0.001	0.011	0.002	0.163	0.002	0.583
neutral	0.122	0.001	0.005	0.001	0.089	0.002	0.781
neutral	0.158	0.001	0.005	0.001	0.118	0.003	0.714
neutral	0.178	0.002	0.012	0.002	0.177	0.004	0.626
neutral	0.180	0.002	0.011	0.002	0.147	0.003	0.656
neutral	0.168	0.001	0.010	0.002	0.152	0.002	0.666
neutral	0.143	0.001	0.009	0.002	0.146	0.003	0.696
neutral	0.160	0.002	0.012	0.001	0.201	0.003	0.622
neutral	0.136	0.001	0.002	0.001	0.087	0.001	0.771
neutral	0.081	0.001	0.008	0.002	0.116	0.002	0.789
neutral	0.103	0.001	0.005	0.001	0.083	0.002	0.805
neutral	0.187	0.000	0.002	0.001	0.101	0.000	0.708
neutral	0.110	0.000	0.002	0.001	0.061	0.001	0.824
neutral	0.127	0.001	0.007	0.001	0.100	0.002	0.763
neutral	0.137	0.000	0.005	0.002	0.069	0.002	0.786
neutral	0.124	0.001	0.015	0.002	0.139	0.006	0.713
neutral	0.133	0.000	0.008	0.001	0.079	0.001	0.777
neutral	0.123	0.000	0.005	0.001	0.064	0.001	0.805
neutral	0.084	0.000	0.002	0.001	0.034	0.000	0.879
neutral	0.127	0.001	0.007	0.001	0.062	0.001	0.802
neutral	0.097	0.000	0.002	0.001	0.038	0.001	0.861
neutral	0.141	0.000	0.001	0.001	0.041	0.001	0.815
neutral	0.101	0.000	0.003	0.001	0.043	0.002	0.851
neutral	0.113	0.000	0.011	0.002	0.108	0.004	0.762
neutral	0.155	0.000	0.002	0.001	0.047	0.001	0.794
neutral	0.147	0.000	0.002	0.001	0.053	0.001	0.797
neutral	0.092	0.000	0.002	0.001	0.042	0.001	0.862
neutral	0.142	0.000	0.002	0.001	0.060	0.001	0.794
neutral	0.125	0.000	0.005	0.001	0.071	0.001	0.796
neutral	0.192	0.000	0.002	0.001	0.064	0.001	0.740
neutral	0.137	0.000	0.002	0.001	0.046	0.001	0.813
neutral	0.121	0.000	0.002	0.001	0.056	0.001	0.819
neutral	0.182	0.000	0.002	0.000	0.063	0.001	0.751
neutral	0.129	0.000	0.002	0.000	0.042	0.000	0.827
neutral	0.175	0.000	0.003	0.001	0.052	0.001	0.769
neutral	0.232	0.000	0.002	0.001	0.066	0.001	0.699
neutral	0.147	0.000	0.005	0.001	0.086	0.002	0.759
neutral	0.124	0.000	0.002	0.000	0.041	0.000	0.832
neutral	0.124	0.000	0.002	0.001	0.047	0.001	0.825
neutral	0.171	0.000	0.009	0.001	0.121	0.002	0.696
neutral	0.124	0.000	0.003	0.001	0.049	0.000	0.823
neutral	0.237	0.002	0.004	0.001	0.119	0.000	0.637
neutral	0.157	0.000	0.003	0.000	0.051	0.000	0.788
neutral	0.118	0.004	0.008	0.001	0.110	0.000	0.758
neutral	0.168	0.004	0.009	0.000	0.143	0.000	0.676
neutral	0.264	0.001	0.001	0.000	0.084	0.000	0.650
neutral	0.131	0.001	0.005	0.001	0.086	0.001	0.774
neutral	0.140	0.001	0.003	0.001	0.068	0.002	0.784
neutral	0.120	0.001	0.006	0.001	0.089	0.002	0.781
neutral	0.068	0.001	0.005	0.002	0.078	0.002	0.845
neutral	0.072	0.001	0.007	0.002	0.077	0.004	0.839
neutral	0.101	0.001	0.005	0.001	0.074	0.002	0.815
neutral	0.087	0.000	0.003	0.001	0.052	0.005	0.851
neutral	0.154	0.001	0.004	0.001	0.093	0.002	0.745
neutral	0.113	0.000	0.003	0.002	0.062	0.003	0.817
neutral	0.073	0.000	0.004	0.001	0.046	0.001	0.876
neutral	0.125	0.000	0.002	0.001	0.050	0.002	0.821
neutral	0.074	0.000	0.004	0.003	0.041	0.008	0.868
neutral	0.098	0.000	0.007	0.002	0.101	0.007	0.785
neutral	0.091	0.000	0.003	0.002	0.040	0.006	0.858
neutral	0.081	0.000	0.003	0.001	0.046	0.001	0.867
neutral	0.099	0.003	0.016	0.000	0.205	0.001	0.676
neutral	0.104	0.003	0.014	0.000	0.146	0.001	0.732
neutral	0.199	0.000	0.002	0.001	0.085	0.000	0.712
neutral	0.061	0.001	0.004	0.003	0.056	0.003	0.873
neutral	0.076	0.001	0.004	0.003	0.044	0.003	0.869
neutral	0.108	0.000	0.002	0.002	0.035	0.002	0.851
neutral	0.086	0.001	0.004	0.004	0.050	0.006	0.849
neutral	0.084	0.000	0.004	0.003	0.055	0.007	0.846
neutral	0.106	0.001	0.002	0.002	0.043	0.001	0.845
neutral	0.124	0.000	0.006	0.003	0.086	0.009	0.772
neutral	0.090	0.000	0.004	0.003	0.063	0.006	0.834
neutral	0.118	0.000	0.005	0.002	0.058	0.003	0.815
neutral	0.115	0.000	0.006	0.002	0.060	0.011	0.805
neutral	0.100	0.000	0.003	0.003	0.063	0.005	0.825
neutral	0.089	0.000	0.005	0.003	0.072	0.009	0.822
neutral	0.151	0.001	0.007	0.002	0.132	0.007	0.700
neutral	0.140	0.001	0.007	0.002	0.136	0.007	0.707
neutral	0.154	0.000	0.006	0.001	0.070	0.002	0.766
neutral	0.094	0.001	0.004	0.002	0.091	0.004	0.804
neutral	0.168	0.001	0.010	0.002	0.133	0.005	0.682
neutral	0.197	0.001	0.007	0.001	0.102	0.005	0.687
neutral	0.247	0.001	0.017	0.001	0.184	0.003	0.547
neutral	0.232	0.000	0.018	0.001	0.188	0.004	0.557
neutral	0.329	0.001	0.021	0.001	0.257	0.003	0.388
neutral	0.158	0.000	0.009	0.001	0.103	0.004	0.725
neutral	0.147	0.001	0.007	0.002	0.124	0.004	0.715
neutral	0.194	0.002	0.032	0.000	0.340	0.001	0.431
neutral	0.145	0.001	0.002	0.001	0.055	0.001	0.796
neutral	0.141	0.000	0.002	0.002	0.063	0.001	0.790
neutral	0.181	0.000	0.002	0.001	0.053	0.002	0.760
neutral	0.151	0.003	0.005	0.001	0.078	0.001	0.762
neutral	0.263	0.006	0.006	0.001	0.109	0.001	0.614
neutral	0.266	0.003	0.014	0.001	0.178	0.000	0.539
neutral	0.104	0.002	0.009	0.001	0.109	0.003	0.773
neutral	0.078	0.001	0.004	0.002	0.050	0.003	0.861
neutral	0.112	0.000	0.006	0.002	0.055	0.006	0.819
neutral	0.150	0.000	0.003	0.002	0.043	0.005	0.795
neutral	0.135	0.001	0.004	0.002	0.053	0.003	0.803
neutral	0.130	0.001	0.006	0.002	0.102	0.009	0.751
neutral	0.148	0.001	0.004	0.002	0.081	0.005	0.760
neutral	0.121	0.004	0.029	0.000	0.327	0.001	0.518
neutral	0.203	0.006	0.008	0.002	0.163	0.001	0.618
neutral	0.197	0.003	0.006	0.003	0.044	0.002	0.746
neutral	0.121	0.003	0.004	0.004	0.076	0.002	0.790
neutral	0.144	0.004	0.010	0.002	0.128	0.001	0.711
neutral	0.104	0.002	0.006	0.004	0.093	0.003	0.788
neutral	0.123	0.000	0.006	0.006	0.063	0.016	0.786
neutral	0.088	0.001	0.003	0.003	0.030	0.006	0.869
neutral	0.182	0.001	0.006	0.006	0.076	0.014	0.716
neutral	0.240	0.001	0.008	0.007	0.097	0.017	0.630
neutral	0.131	0.001	0.005	0.009	0.058	0.018	0.779
neutral	0.185	0.001	0.007	0.004	0.098	0.010	0.695
neutral	0.183	0.001	0.008	0.004	0.093	0.012	0.700
neutral	0.131	0.000	0.005	0.001	0.037	0.006	0.818
neutral	0.120	0.000	0.005	0.002	0.044	0.006	0.823
neutral	0.177	0.001	0.007	0.003	0.109	0.011	0.692
neutral	0.140	0.000	0.005	0.003	0.041	0.006	0.805
neutral	0.179	0.000	0.003	0.002	0.043	0.003	0.770
neutral	0.089	0.002	0.004	0.005	0.055	0.002	0.843
neutral	0.164	0.002	0.004	0.002	0.057	0.001	0.770
neutral	0.145	0.003	0.004	0.003	0.058	0.003	0.783
neutral	0.173	0.003	0.003	0.002	0.041	0.001	0.778
neutral	0.135	0.003	0.003	0.004	0.050	0.003	0.801
neutral	0.157	0.004	0.003	0.005	0.051	0.003	0.777
neutral	0.219	0.001	0.004	0.003	0.044	0.002	0.727
neutral	0.244	0.002	0.004	0.003	0.064	0.001	0.682
neutral	0.181	0.002	0.004	0.003	0.048	0.002	0.760
neutral	0.185	0.006	0.005	0.003	0.071	0.002	0.729
neutral	0.175	0.002	0.005	0.002	0.067	0.002	0.747
neutral	0.185	0.002	0.004	0.002	0.057	0.002	0.747
neutral	0.104	0.003	0.005	0.002	0.073	0.003	0.811
neutral	0.277	0.001	0.006	0.002	0.063	0.003	0.649
neutral	0.229	0.003	0.004	0.003	0.053	0.002	0.707
neutral	0.219	0.002	0.005	0.003	0.053	0.002	0.716
neutral	0.249	0.002	0.005	0.002	0.066	0.001	0.675
neutral	0.156	0.001	0.006	0.003	0.091	0.005	0.738
neutral	0.176	0.002	0.010	0.002	0.168	0.002	0.640
neutral	0.154	0.001	0.004	0.002	0.086	0.002	0.752
neutral	0.189	0.001	0.005	0.001	0.103	0.001	0.700
neutral	0.113	0.000	0.007	0.000	0.080	0.001	0.798
neutral	0.100	0.000	0.006	0.001	0.038	0.001	0.854
neutral	0.150	0.000	0.002	0.001	0.044	0.000	0.803
neutral	0.090	0.000	0.005	0.001	0.060	0.000	0.844
neutral	0.090	0.000	0.004	0.002	0.023	0.001	0.881
neutral	0.165	0.000	0.004	0.002	0.034	0.001	0.794
neutral	0.100	0.000	0.003	0.001	0.030	0.000	0.866
neutral	0.108	0.000	0.005	0.001	0.035	0.000	0.851
neutral	0.090	0.000	0.003	0.007	0.015	0.000	0.886
neutral	0.065	0.000	0.005	0.003	0.020	0.000	0.906
neutral	0.045	0.000	0.005	0.001	0.028	0.000	0.921
neutral	0.075	0.000	0.006	0.001	0.041	0.001	0.876
neutral	0.056	0.000	0.006	0.001	0.047	0.000	0.889
neutral	0.052	0.000	0.012	0.001	0.086	0.000	0.848
neutral	0.033	0.000	0.007	0.002	0.033	0.001	0.925
neutral	0.066	0.000	0.007	0.001	0.039	0.001	0.887
neutral	0.085	0.000	0.006	0.003	0.052	0.001	0.851
neutral	0.042	0.000	0.006	0.001	0.049	0.000	0.901
neutral	0.064	0.000	0.004	0.002	0.053	0.001	0.876
neutral	0.101	0.000	0.007	0.002	0.101	0.001	0.788
neutral	0.055	0.000	0.002	0.002	0.041	0.001	0.899
neutral	0.039	0.000	0.002	0.001	0.032	0.000	0.925
neutral	0.079	0.000	0.003	0.001	0.034	0.001	0.883
neutral	0.103	0.000	0.005	0.005	0.041	0.002	0.844
neutral	0.087	0.001	0.007	0.007	0.081	0.001	0.817
neutral	0.099	0.000	0.006	0.004	0.063	0.001	0.826
neutral	0.109	0.001	0.005	0.006	0.074	0.001	0.805
neutral	0.080	0.000	0.006	0.005	0.055	0.001	0.853
neutral	0.155	0.000	0.006	0.003	0.053	0.001	0.781
neutral	0.106	0.001	0.005	0.002	0.055	0.001	0.830
neutral	0.077	0.001	0.004	0.003	0.061	0.002	0.852
neutral	0.172	0.001	0.007	0.002	0.070	0.001	0.746
neutral	0.171	0.000	0.007	0.002	0.076	0.001	0.742
neutral	0.212	0.000	0.004	0.001	0.050	0.001	0.731
neutral	0.161	0.001	0.005	0.003	0.044	0.001	0.785
neutral	0.164	0.001	0.007	0.004	0.078	0.001	0.745
neutral	0.140	0.001	0.007	0.003	0.080	0.001	0.767
neutral	0.111	0.004	0.006	0.004	0.107	0.001	0.768
neutral	0.099	0.001	0.005	0.003	0.070	0.002	0.820
neutral	0.174	0.000	0.004	0.003	0.056	0.001	0.761
neutral	0.134	0.001	0.006	0.003	0.079	0.001	0.775
neutral	0.148	0.001	0.006	0.003	0.082	0.001	0.758
neutral	0.096	0.001	0.005	0.003	0.071	0.001	0.822
neutral	0.179	0.000	0.006	0.003	0.065	0.003	0.746
neutral	0.164	0.000	0.004	0.002	0.061	0.002	0.766
neutral	0.140	0.000	0.004	0.002	0.060	0.003	0.790
neutral	0.127	0.001	0.006	0.004	0.074	0.001	0.786
neutral	0.101	0.001	0.004	0.003	0.078	0.002	0.810
neutral	0.060	0.001	0.003	0.004	0.057	0.003	0.874
neutral	0.143	0.001	0.005	0.003	0.089	0.002	0.756
neutral	0.119	0.002	0.018	0.001	0.289	0.000	0.571
neutral	0.190	0.001	0.023	0.001	0.268	0.000	0.517
neutral	0.180	0.001	0.009	0.002	0.148	0.000	0.659
neutral	0.114	0.003	0.007	0.004	0.106	0.001	0.763
neutral	0.168	0.002	0.006	0.002	0.138	0.001	0.683
neutral	0.169	0.002	0.005	0.002	0.075	0.001	0.746
neutral	0.089	0.001	0.007	0.004	0.068	0.002	0.829
neutral	0.163	0.001	0.004	0.002	0.107	0.001	0.721
neutral	0.159	0.001	0.005	0.002	0.102	0.001	0.730
neutral	0.186	0.001	0.005	0.002	0.083	0.001	0.722
neutral	0.200	0.001	0.007	0.002	0.098	0.001	0.691
neutral	0.211	0.001	0.004	0.003	0.077	0.001	0.704
neutral	0.190	0.001	0.005	0.003	0.079	0.002	0.721
neutral	0.251	0.001	0.005	0.003	0.087	0.001	0.652
neutral	0.154	0.000	0.004	0.001	0.046	0.001	0.793
neutral	0.197	0.001	0.006	0.003	0.083	0.001	0.708
neutral	0.207	0.001	0.004	0.002	0.080	0.001	0.704
neutral	0.258	0.000	0.004	0.002	0.057	0.001	0.677
neutral	0.152	0.001	0.004	0.001	0.065	0.001	0.775
neutral	0.132	0.001	0.004	0.002	0.065	0.001	0.795
neutral	0.093	0.001	0.005	0.002	0.062	0.001	0.836
neutral	0.132	0.001	0.004	0.002	0.081	0.001	0.780
neutral	0.201	0.001	0.006	0.002	0.092	0.001	0.697
neutral	0.112	0.000	0.005	0.002	0.074	0.001	0.806
neutral	0.218	0.000	0.004	0.002	0.078	0.002	0.695
neutral	0.118	0.001	0.005	0.004	0.084	0.003	0.785
neutral	0.092	0.000	0.006	0.002	0.068	0.001	0.832
neutral	0.122	0.002	0.004	0.003	0.085	0.002	0.782
neutral	0.070	0.000	0.003	0.002	0.041	0.002	0.881
neutral	0.102	0.004	0.006	0.001	0.178	0.001	0.708
neutral	0.096	0.004	0.006	0.002	0.111	0.001	0.780
neutral	0.135	0.003	0.005	0.003	0.121	0.002	0.730
neutral	0.098	0.000	0.002	0.002	0.031	0.001	0.865
neutral	0.061	0.002	0.002	0.003	0.068	0.002	0.862
neutral	0.108	0.001	0.003	0.003	0.058	0.001	0.827
neutral	0.090	0.002	0.004	0.005	0.084	0.001	0.813
neutral	0.113	0.002	0.008	0.006	0.086	0.002	0.784
neutral	0.111	0.001	0.005	0.010	0.121	0.003	0.748
neutral	0.107	0.001	0.005	0.007	0.052	0.002	0.825
neutral	0.064	0.001	0.004	0.007	0.046	0.006	0.872
neutral	0.128	0.001	0.003	0.004	0.068	0.002	0.794
neutral	0.058	0.000	0.003	0.005	0.035	0.003	0.895
neutral	0.078	0.001	0.003	0.005	0.034	0.007	0.872
neutral	0.082	0.001	0.004	0.005	0.053	0.002	0.852
neutral	0.056	0.000	0.003	0.006	0.045	0.003	0.886
neutral	0.064	0.002	0.002	0.003	0.027	0.003	0.899
neutral	0.045	0.000	0.002	0.006	0.024	0.005	0.917
neutral	0.062	0.000	0.003	0.006	0.028	0.008	0.893
neutral	0.078	0.001	0.003	0.007	0.048	0.002	0.861
neutral	0.080	0.001	0.003	0.005	0.067	0.002	0.841
neutral	0.064	0.000	0.002	0.005	0.031	0.002	0.895
neutral	0.057	0.003	0.003	0.004	0.030	0.003	0.901
neutral	0.093	0.001	0.004	0.010	0.050	0.007	0.836
neutral	0.071	0.000	0.003	0.007	0.035	0.004	0.879
neutral	0.099	0.004	0.006	0.003	0.063	0.002	0.823
neutral	0.105	0.005	0.008	0.005	0.081	0.002	0.794
neutral	0.191	0.004	0.010	0.010	0.145	0.003	0.638
neutral	0.129	0.004	0.008	0.007	0.111	0.004	0.737
neutral	0.058	0.000	0.003	0.010	0.030	0.007	0.891
neutral	0.076	0.001	0.004	0.009	0.041	0.008	0.862
neutral	0.077	0.001	0.003	0.012	0.041	0.003	0.863
neutral	0.060	0.001	0.003	0.007	0.039	0.005	0.886
neutral	0.040	0.000	0.003	0.007	0.022	0.006	0.923
neutral	0.071	0.001	0.004	0.005	0.057	0.002	0.860
neutral	0.058	0.000	0.003	0.008	0.036	0.002	0.894
neutral	0.068	0.001	0.004	0.006	0.040	0.005	0.876
neutral	0.076	0.001	0.003	0.004	0.045	0.003	0.867
neutral	0.079	0.004	0.003	0.006	0.031	0.004	0.873
neutral	0.067	0.001	0.003	0.006	0.031	0.005	0.887
neutral	0.055	0.001	0.003	0.007	0.027	0.005	0.903
neutral	0.086	0.003	0.003	0.007	0.041	0.004	0.856
neutral	0.056	0.001	0.005	0.012	0.061	0.005	0.860
neutral	0.104	0.002	0.005	0.019	0.074	0.004	0.793
neutral	0.133	0.004	0.007	0.008	0.118	0.005	0.725
neutral	0.043	0.001	0.006	0.005	0.039	0.002	0.902
neutral	0.091	0.002	0.005	0.014	0.050	0.006	0.831
neutral	0.100	0.003	0.003	0.011	0.047	0.004	0.832
neutral	0.086	0.003	0.003	0.009	0.047	0.004	0.847
neutral	0.087	0.002	0.003	0.009	0.045	0.003	0.852
neutral	0.112	0.003	0.003	0.011	0.046	0.004	0.821
neutral	0.069	0.001	0.003	0.010	0.030	0.004	0.883
neutral	0.054	0.002	0.002	0.006	0.036	0.003	0.898
neutral	0.087	0.001	0.004	0.011	0.053	0.003	0.840
neutral	0.105	0.002	0.002	0.007	0.046	0.002	0.836
neutral	0.073	0.002	0.003	0.008	0.041	0.003	0.871
neutral	0.124	0.002	0.003	0.009	0.044	0.005	0.813
neutral	0.061	0.001	0.002	0.007	0.026	0.004	0.899
neutral	0.113	0.002	0.003	0.011	0.043	0.004	0.824
neutral	0.072	0.002	0.002	0.007	0.037	0.003	0.876
neutral	0.103	0.001	0.003	0.011	0.041	0.004	0.836
neutral	0.083	0.002	0.002	0.011	0.041	0.004	0.858
neutral	0.066	0.002	0.003	0.005	0.047	0.004	0.874
neutral	0.098	0.001	0.003	0.010	0.036	0.004	0.848
neutral	0.105	0.002	0.005	0.012	0.046	0.003	0.827
neutral	0.126	0.001	0.004	0.008	0.049	0.004	0.808
neutral	0.093	0.003	0.004	0.006	0.065	0.003	0.826
neutral	0.117	0.001	0.004	0.010	0.064	0.003	0.801
neutral	0.091	0.002	0.005	0.011	0.047	0.007	0.837
neutral	0.071	0.001	0.003	0.011	0.045	0.003	0.866
neutral	0.099	0.002	0.004	0.010	0.061	0.003	0.820
neutral	0.100	0.002	0.003	0.005	0.048	0.003	0.840
neutral	0.067	0.001	0.003	0.008	0.042	0.004	0.876
neutral	0.078	0.002	0.003	0.009	0.041	0.005	0.862
neutral	0.104	0.001	0.003	0.005	0.062	0.003	0.822
neutral	0.109	0.004	0.004	0.015	0.042	0.012	0.814
neutral	0.087	0.002	0.003	0.010	0.031	0.006	0.862
neutral	0.125	0.006	0.003	0.012	0.045	0.009	0.800
neutral	0.072	0.001	0.005	0.013	0.049	0.004	0.856
neutral	0.050	0.001	0.004	0.015	0.027	0.004	0.899
neutral	0.055	0.001	0.005	0.016	0.037	0.003	0.883
neutral	0.067	0.001	0.005	0.020	0.043	0.004	0.861
neutral	0.076	0.001	0.004	0.005	0.043	0.003	0.869
neutral	0.090	0.001	0.005	0.012	0.061	0.006	0.825
neutral	0.051	0.001	0.003	0.014	0.027	0.004	0.899
neutral	0.093	0.002	0.002	0.009	0.033	0.003	0.857
neutral	0.100	0.001	0.003	0.008	0.047	0.003	0.837
neutral	0.059	0.001	0.004	0.015	0.029	0.004	0.889
neutral	0.110	0.002	0.004	0.012	0.052	0.004	0.815
neutral	0.081	0.002	0.004	0.012	0.042	0.004	0.856
neutral	0.098	0.002	0.004	0.016	0.059	0.004	0.817
neutral	0.117	0.002	0.003	0.009	0.050	0.003	0.816
neutral	0.075	0.002	0.005	0.015	0.041	0.004	0.859
neutral	0.095	0.001	0.003	0.014	0.049	0.003	0.837
neutral	0.097	0.001	0.003	0.007	0.050	0.003	0.838
neutral	0.109	0.001	0.005	0.016	0.058	0.004	0.807
neutral	0.128	0.003	0.004	0.010	0.048	0.005	0.802
neutral	0.138	0.005	0.005	0.007	0.092	0.005	0.747
neutral	0.214	0.009	0.007	0.008	0.104	0.004	0.654
neutral	0.063	0.001	0.007	0.024	0.062	0.005	0.838
neutral	0.068	0.001	0.005	0.016	0.049	0.004	0.856
neutral	0.096	0.002	0.005	0.013	0.036	0.007	0.840
neutral	0.097	0.002	0.006	0.012	0.037	0.008	0.838
neutral	0.087	0.001	0.005	0.013	0.032	0.007	0.854
neutral	0.071	0.001	0.005	0.024	0.036	0.007	0.856
neutral	0.056	0.000	0.004	0.023	0.028	0.005	0.883
neutral	0.098	0.001	0.006	0.013	0.036	0.009	0.837
neutral	0.080	0.000	0.003	0.020	0.035	0.003	0.858
neutral	0.060	0.000	0.003	0.020	0.033	0.004	0.880
neutral	0.063	0.001	0.004	0.012	0.037	0.004	0.879
neutral	0.087	0.001	0.004	0.018	0.042	0.005	0.844
neutral	0.160	0.004	0.004	0.011	0.045	0.006	0.770
neutral	0.080	0.001	0.005	0.010	0.052	0.005	0.847
neutral	0.101	0.001	0.003	0.013	0.045	0.004	0.833
neutral	0.124	0.001	0.004	0.010	0.056	0.004	0.801
neutral	0.090	0.001	0.004	0.012	0.045	0.004	0.845
neutral	0.094	0.001	0.004	0.011	0.042	0.004	0.845
neutral	0.163	0.002	0.008	0.006	0.096	0.004	0.722
neutral	0.077	0.001	0.005	0.012	0.039	0.006	0.861
neutral	0.081	0.001	0.004	0.013	0.039	0.004	0.859
neutral	0.102	0.000	0.004	0.016	0.051	0.004	0.821
neutral	0.195	0.002	0.007	0.011	0.076	0.004	0.705
neutral	0.199	0.002	0.006	0.009	0.101	0.004	0.679
neutral	0.087	0.001	0.003	0.006	0.059	0.004	0.839
neutral	0.140	0.002	0.006	0.007	0.084	0.003	0.759
neutral	0.131	0.001	0.005	0.013	0.070	0.004	0.775
neutral	0.070	0.001	0.006	0.014	0.040	0.004	0.866
neutral	0.098	0.001	0.005	0.010	0.060	0.004	0.821
neutral	0.126	0.000	0.007	0.013	0.071	0.006	0.777
neutral	0.130	0.001	0.007	0.011	0.061	0.006	0.784
neutral	0.119	0.000	0.008	0.011	0.065	0.006	0.791
neutral	0.146	0.001	0.011	0.014	0.072	0.006	0.750
neutral	0.175	0.001	0.009	0.011	0.081	0.005	0.720
neutral	0.149	0.001	0.007	0.011	0.063	0.006	0.764
neutral	0.232	0.001	0.007	0.004	0.104	0.004	0.648
neutral	0.149	0.000	0.007	0.010	0.069	0.004	0.760
neutral	0.185	0.001	0.008	0.003	0.117	0.003	0.683
neutral	0.108	0.001	0.004	0.005	0.064	0.004	0.815
neutral	0.143	0.001	0.005	0.006	0.076	0.003	0.766
neutral	0.144	0.000	0.005	0.008	0.073	0.003	0.766
neutral	0.152	0.001	0.005	0.008	0.083	0.002	0.750
neutral	0.141	0.001	0.007	0.007	0.123	0.002	0.719
neutral	0.131	0.004	0.006	0.008	0.100	0.003	0.749
neutral	0.163	0.002	0.005	0.004	0.112	0.001	0.713
neutral	0.148	0.002	0.006	0.006	0.121	0.002	0.716
neutral	0.173	0.007	0.009	0.008	0.111	0.004	0.688
neutral	0.167	0.001	0.004	0.004	0.114	0.002	0.709
neutral	0.164	0.002	0.007	0.002	0.159	0.002	0.664
neutral	0.199	0.002	0.009	0.003	0.201	0.002	0.584
neutral	0.241	0.003	0.008	0.003	0.164	0.002	0.577
neutral	0.239	0.003	0.011	0.003	0.228	0.002	0.515
neutral	0.194	0.003	0.013	0.010	0.192	0.004	0.583
neutral	0.214	0.001	0.005	0.009	0.186	0.002	0.583
neutral	0.232	0.013	0.017	0.007	0.207	0.003	0.521
neutral	0.306	0.004	0.024	0.005	0.202	0.005	0.453
neutral	0.273	0.004	0.022	0.006	0.177	0.006	0.513
neutral	0.201	0.008	0.020	0.008	0.173	0.003	0.586
neutral	0.275	0.007	0.020	0.007	0.180	0.003	0.508
neutral	0.322	0.002	0.011	0.007	0.183	0.003	0.473
neutral	0.259	0.002	0.014	0.008	0.149	0.004	0.563
neutral	0.150	0.003	0.011	0.008	0.144	0.004	0.680
neutral	0.273	0.002	0.014	0.006	0.176	0.005	0.523
neutral	0.323	0.005	0.014	0.003	0.200	0.004	0.450
neutral	0.232	0.002	0.014	0.006	0.143	0.006	0.597
neutral	0.258	0.002	0.015	0.008	0.216	0.004	0.497
neutral	0.172	0.002	0.012	0.007	0.155	0.003	0.649
neutral	0.225	0.003	0.016	0.005	0.197	0.003	0.550
neutral	0.195	0.003	0.012	0.004	0.236	0.003	0.547
neutral	0.248	0.002	0.014	0.007	0.149	0.004	0.577
neutral	0.356	0.003	0.020	0.004	0.193	0.004	0.419
neutral	0.251	0.002	0.010	0.003	0.228	0.003	0.502
neutral	0.141	0.001	0.005	0.003	0.199	0.003	0.648
neutral	0.211	0.001	0.008	0.004	0.160	0.005	0.611
neutral	0.153	0.002	0.005	0.001	0.139	0.002	0.698
neutral	0.280	0.003	0.012	0.003	0.226	0.002	0.473
neutral	0.281	0.002	0.010	0.002	0.209	0.003	0.493
neutral	0.228	0.004	0.009	0.002	0.212	0.003	0.542
neutral	0.179	0.002	0.009	0.006	0.104	0.004	0.695
neutral	0.267	0.002	0.011	0.004	0.154	0.005	0.557
neutral	0.202	0.001	0.011	0.009	0.124	0.006	0.647
neutral	0.253	0.002	0.017	0.008	0.156	0.006	0.559
neutral	0.259	0.002	0.013	0.004	0.127	0.006	0.590
neutral	0.198	0.002	0.008	0.002	0.128	0.005	0.657
neutral	0.241	0.003	0.013	0.003	0.242	0.003	0.496
neutral	0.264	0.003	0.009	0.003	0.245	0.002	0.474
neutral	0.223	0.002	0.012	0.006	0.151	0.003	0.603
neutral	0.288	0.002	0.011	0.003	0.174	0.003	0.518
neutral	0.245	0.003	0.010	0.004	0.168	0.002	0.567
neutral	0.286	0.003	0.012	0.007	0.170	0.005	0.517
neutral	0.235	0.003	0.016	0.006	0.155	0.004	0.581
neutral	0.238	0.002	0.008	0.005	0.144	0.002	0.600
neutral	0.321	0.008	0.012	0.005	0.181	0.003	0.471
neutral	0.217	0.012	0.012	0.005	0.184	0.003	0.567
neutral	0.235	0.004	0.015	0.006	0.149	0.005	0.586
neutral	0.261	0.007	0.017	0.004	0.206	0.003	0.502
neutral	0.280	0.003	0.013	0.004	0.151	0.003	0.546
neutral	0.241	0.004	0.011	0.005	0.156	0.004	0.579
neutral	0.297	0.004	0.015	0.005	0.177	0.003	0.498
neutral	0.306	0.010	0.014	0.006	0.156	0.005	0.503
neutral	0.280	0.007	0.016	0.004	0.150	0.004	0.538
neutral	0.317	0.003	0.016	0.004	0.218	0.003	0.438
neutral	0.271	0.009	0.017	0.004	0.203	0.003	0.493
neutral	0.226	0.007	0.012	0.008	0.169	0.002	0.577
neutral	0.266	0.008	0.015	0.009	0.169	0.005	0.528
neutral	0.207	0.012	0.013	0.007	0.150	0.005	0.606
neutral	0.314	0.014	0.019	0.005	0.169	0.003	0.476
neutral	0.259	0.008	0.012	0.004	0.150	0.003	0.564
neutral	0.242	0.005	0.012	0.007	0.179	0.003	0.552
neutral	0.273	0.008	0.016	0.006	0.200	0.004	0.493
neutral	0.258	0.006	0.021	0.006	0.246	0.004	0.459
neutral	0.332	0.007	0.012	0.005	0.163	0.003	0.478
neutral	0.272	0.004	0.012	0.004	0.165	0.003	0.541
neutral	0.352	0.008	0.010	0.002	0.178	0.002	0.447
neutral	0.257	0.002	0.013	0.003	0.262	0.002	0.461
neutral	0.279	0.003	0.009	0.003	0.155	0.002	0.550
neutral	0.257	0.026	0.011	0.001	0.283	0.001	0.420
neutral	0.240	0.002	0.010	0.003	0.230	0.002	0.514
sad	0.330	0.001	0.013	0.001	0.379	0.001	0.274
angry	0.396	0.027	0.014	0.001	0.341	0.001	0.222
angry	0.388	0.036	0.018	0.001	0.337	0.001	0.219
sad	0.236	0.052	0.030	0.001	0.419	0.000	0.263
sad	0.260	0.038	0.021	0.000	0.445	0.000	0.235
angry	0.356	0.040	0.018	0.001	0.352	0.001	0.232
neutral	0.294	0.003	0.010	0.001	0.338	0.001	0.352
neutral	0.183	0.011	0.009	0.005	0.307	0.001	0.484
neutral	0.268	0.009	0.017	0.003	0.265	0.002	0.437
neutral	0.157	0.007	0.014	0.009	0.223	0.003	0.586
neutral	0.256	0.011	0.017	0.002	0.325	0.001	0.387
neutral	0.196	0.012	0.017	0.009	0.268	0.003	0.496
neutral	0.162	0.021	0.017	0.006	0.191	0.002	0.600
neutral	0.208	0.016	0.024	0.007	0.257	0.001	0.487
neutral	0.221	0.011	0.018	0.003	0.292	0.001	0.454
neutral	0.292	0.019	0.019	0.002	0.275	0.001	0.392
neutral	0.286	0.007	0.012	0.002	0.345	0.001	0.346
neutral	0.315	0.012	0.013	0.001	0.264	0.001	0.394
neutral	0.163	0.005	0.013	0.002	0.270	0.001	0.545
neutral	0.345	0.011	0.017	0.001	0.271	0.001	0.354
neutral	0.233	0.003	0.008	0.003	0.212	0.001	0.539
neutral	0.234	0.007	0.009	0.001	0.347	0.001	0.402
neutral	0.152	0.004	0.006	0.001	0.188	0.001	0.649
angry	0.526	0.002	0.015	0.001	0.167	0.001	0.288
neutral	0.249	0.007	0.011	0.000	0.348	0.001	0.384
angry	0.516	0.001	0.005	0.000	0.147	0.000	0.330
neutral	0.357	0.001	0.004	0.001	0.141	0.000	0.495
angry	0.381	0.005	0.009	0.000	0.327	0.001	0.277
angry	0.387	0.002	0.013	0.000	0.302	0.000	0.295
neutral	0.345	0.008	0.011	0.002	0.154	0.001	0.479
neutral	0.300	0.002	0.013	0.001	0.337	0.001	0.346
neutral	0.241	0.001	0.010	0.001	0.234	0.001	0.512
neutral	0.221	0.007	0.015	0.000	0.355	0.002	0.400
neutral	0.200	0.009	0.020	0.001	0.309	0.003	0.458
neutral	0.223	0.006	0.015	0.000	0.325	0.001	0.430
neutral	0.290	0.003	0.009	0.001	0.269	0.001	0.426
neutral	0.234	0.005	0.013	0.001	0.259	0.002	0.487
neutral	0.210	0.007	0.018	0.000	0.358	0.002	0.405
neutral	0.235	0.008	0.015	0.001	0.289	0.002	0.451
neutral	0.205	0.009	0.019	0.001	0.353	0.002	0.411
sad	0.252	0.012	0.023	0.001	0.397	0.002	0.314
neutral	0.173	0.012	0.015	0.001	0.326	0.002	0.470
neutral	0.160	0.038	0.016	0.000	0.349	0.001	0.436
neutral	0.200	0.018	0.011	0.000	0.364	0.001	0.406
neutral	0.188	0.053	0.014	0.001	0.341	0.001	0.403
neutral	0.200	0.036	0.013	0.000	0.302	0.001	0.448
neutral	0.182	0.014	0.014	0.000	0.291	0.001	0.497
neutral	0.338	0.003	0.004	0.000	0.271	0.000	0.383
neutral	0.222	0.014	0.008	0.000	0.273	0.001	0.481
neutral	0.264	0.004	0.006	0.000	0.258	0.000	0.467
neutral	0.203	0.002	0.004	0.000	0.253	0.000	0.537
neutral	0.238	0.008	0.009	0.000	0.261	0.001	0.483
neutral	0.216	0.004	0.011	0.000	0.269	0.000	0.500
neutral	0.234	0.003	0.006	0.000	0.291	0.000	0.466
neutral	0.207	0.006	0.007	0.000	0.264	0.000	0.515
neutral	0.238	0.001	0.011	0.001	0.230	0.001	0.517
neutral	0.225	0.004	0.011	0.001	0.232	0.002	0.525
neutral	0.199	0.005	0.015	0.001	0.361	0.001	0.419
neutral	0.180	0.003	0.011	0.001	0.312	0.001	0.494
neutral	0.280	0.002	0.011	0.001	0.244	0.001	0.462
neutral	0.190	0.003	0.006	0.001	0.262	0.001	0.538
neutral	0.228	0.005	0.007	0.001	0.261	0.000	0.497
neutral	0.369	0.002	0.009	0.000	0.185	0.001	0.434
neutral	0.317	0.004	0.007	0.001	0.166	0.001	0.504
neutral	0.277	0.002	0.014	0.001	0.208	0.002	0.496
neutral	0.163	0.002	0.010	0.000	0.298	0.000	0.526
neutral	0.222	0.002	0.010	0.001	0.198	0.001	0.565
neutral	0.240	0.002	0.009	0.001	0.195	0.001	0.552
neutral	0.248	0.002	0.008	0.000	0.255	0.000	0.487
sad	0.296	0.005	0.021	0.001	0.350	0.002	0.326
neutral	0.352	0.010	0.009	0.001	0.233	0.000	0.395
sad	0.232	0.003	0.012	0.000	0.453	0.000	0.299
neutral	0.250	0.002	0.005	0.003	0.164	0.001	0.574
neutral	0.318	0.003	0.008	0.003	0.197	0.001	0.470
neutral	0.176	0.008	0.006	0.003	0.151	0.001	0.654
neutral	0.233	0.009	0.008	0.003	0.172	0.001	0.574
neutral	0.139	0.005	0.008	0.002	0.200	0.000	0.646
neutral	0.230	0.008	0.007	0.006	0.180	0.001	0.569
neutral	0.178	0.016	0.005	0.003	0.181	0.001	0.616
neutral	0.181	0.015	0.006	0.002	0.222	0.000	0.573
neutral	0.198	0.013	0.005	0.003	0.195	0.000	0.586
neutral	0.224	0.016	0.004	0.002	0.228	0.000	0.525
neutral	0.221	0.004	0.006	0.002	0.182	0.000	0.586
neutral	0.138	0.005	0.006	0.002	0.171	0.000	0.678
neutral	0.385	0.004	0.008	0.002	0.165	0.001	0.436
neutral	0.167	0.021	0.008	0.002	0.223	0.001	0.578
neutral	0.180	0.005	0.007	0.002	0.190	0.000	0.615
neutral	0.235	0.004	0.006	0.003	0.137	0.001	0.613
neutral	0.311	0.003	0.006	0.003	0.176	0.001	0.501
neutral	0.241	0.003	0.005	0.002	0.138	0.001	0.610
neutral	0.237	0.004	0.005	0.002	0.159	0.001	0.592
neutral	0.300	0.003	0.006	0.002	0.173	0.001	0.515
neutral	0.275	0.009	0.008	0.003	0.129	0.001	0.575
neutral	0.367	0.005	0.008	0.002	0.168	0.002	0.448
neutral	0.302	0.004	0.006	0.002	0.124	0.001	0.561
angry	0.408	0.005	0.005	0.001	0.176	0.000	0.406
neutral	0.205	0.011	0.005	0.001	0.186	0.001	0.590
angry	0.480	0.003	0.006	0.001	0.145	0.000	0.364
neutral	0.216	0.007	0.008	0.002	0.103	0.001	0.663
neutral	0.310	0.002	0.007	0.001	0.179	0.000	0.501
neutral	0.347	0.005	0.009	0.002	0.177	0.001	0.459
neutral	0.278	0.004	0.008	0.001	0.240	0.000	0.469
neutral	0.256	0.005	0.005	0.001	0.147	0.001	0.585
neutral	0.273	0.006	0.004	0.002	0.132	0.001	0.583
neutral	0.185	0.006	0.006	0.002	0.190	0.001	0.610
neutral	0.219	0.005	0.006	0.002	0.138	0.001	0.629
neutral	0.254	0.001	0.004	0.001	0.128	0.001	0.611
neutral	0.192	0.006	0.009	0.003	0.160	0.003	0.628
neutral	0.158	0.014	0.007	0.002	0.145	0.001	0.672
neutral	0.173	0.013	0.008	0.002	0.182	0.001	0.621
neutral	0.197	0.001	0.004	0.002	0.110	0.001	0.683
neutral	0.255	0.001	0.004	0.001	0.115	0.001	0.623
angry	0.469	0.002	0.007	0.001	0.171	0.001	0.350
neutral	0.167	0.009	0.006	0.002	0.181	0.002	0.632
neutral	0.164	0.004	0.005	0.001	0.117	0.001	0.708
neutral	0.163	0.006	0.007	0.002	0.189	0.001	0.632
neutral	0.174	0.008	0.008	0.002	0.180	0.001	0.627
neutral	0.376	0.001	0.005	0.002	0.117	0.001	0.498
neutral	0.233	0.002	0.008	0.002	0.106	0.001	0.648
neutral	0.192	0.002	0.008	0.002	0.090	0.001	0.706
neutral	0.358	0.003	0.006	0.002	0.144	0.001	0.486
neutral	0.292	0.004	0.006	0.001	0.168	0.001	0.528
neutral	0.206	0.005	0.004	0.001	0.121	0.001	0.662
neutral	0.392	0.003	0.008	0.001	0.159	0.001	0.435
neutral	0.255	0.004	0.006	0.004	0.083	0.002	0.646
neutral	0.206	0.004	0.004	0.001	0.116	0.001	0.668
neutral	0.301	0.003	0.005	0.001	0.181	0.001	0.507
neutral	0.328	0.003	0.005	0.001	0.161	0.001	0.500
neutral	0.159	0.002	0.006	0.001	0.123	0.001	0.709
neutral	0.166	0.003	0.003	0.001	0.105	0.001	0.722
neutral	0.219	0.003	0.004	0.001	0.127	0.001	0.645
neutral	0.184	0.001	0.004	0.001	0.109	0.001	0.699
neutral	0.118	0.002	0.005	0.000	0.113	0.000	0.762
neutral	0.275	0.005	0.006	0.002	0.173	0.001	0.538
neutral	0.242	0.043	0.011	0.007	0.136	0.001	0.560
neutral	0.214	0.029	0.013	0.002	0.238	0.002	0.501
neutral	0.252	0.007	0.004	0.001	0.141	0.001	0.594
neutral	0.172	0.005	0.005	0.001	0.152	0.001	0.664
neutral	0.115	0.001	0.015	0.000	0.178	0.002	0.689
neutral	0.113	0.001	0.009	0.001	0.151	0.001	0.725
neutral	0.143	0.001	0.007	0.000	0.163	0.002	0.684
neutral	0.193	0.002	0.009	0.001	0.147	0.002	0.647
neutral	0.153	0.001	0.007	0.001	0.167	0.000	0.671
neutral	0.105	0.002	0.009	0.000	0.227	0.000	0.657
neutral	0.094	0.001	0.008	0.001	0.171	0.001	0.724
neutral	0.215	0.002	0.013	0.000	0.190	0.000	0.581
neutral	0.177	0.001	0.013	0.000	0.207	0.000	0.602
neutral	0.095	0.002	0.005	0.001	0.131	0.001	0.766
neutral	0.197	0.001	0.003	0.001	0.090	0.000	0.708
neutral	0.087	0.004	0.007	0.002	0.078	0.001	0.821
neutral	0.080	0.001	0.004	0.000	0.054	0.000	0.860
neutral	0.063	0.000	0.003	0.001	0.050	0.000	0.883
neutral	0.080	0.000	0.002	0.000	0.053	0.000	0.865
neutral	0.086	0.001	0.002	0.000	0.046	0.000	0.865
neutral	0.121	0.001	0.003	0.001	0.101	0.000	0.773
neutral	0.154	0.008	0.007	0.001	0.132	0.002	0.697
neutral	0.130	0.005	0.005	0.003	0.111	0.002	0.744
neutral	0.095	0.001	0.004	0.001	0.062	0.002	0.834
neutral	0.191	0.004	0.004	0.002	0.143	0.001	0.656
neutral	0.130	0.002	0.003	0.002	0.092	0.001	0.770
neutral	0.105	0.006	0.005	0.004	0.098	0.002	0.781
neutral	0.155	0.010	0.008	0.001	0.136	0.001	0.688
neutral	0.128	0.001	0.005	0.002	0.120	0.001	0.744
neutral	0.142	0.001	0.003	0.001	0.067	0.001	0.786
neutral	0.095	0.003	0.005	0.001	0.113	0.001	0.782
neutral	0.169	0.002	0.006	0.001	0.177	0.001	0.644
neutral	0.152	0.001	0.004	0.001	0.108	0.001	0.734
neutral	0.191	0.001	0.006	0.001	0.128	0.002	0.672
neutral	0.197	0.002	0.007	0.001	0.262	0.001	0.530
neutral	0.172	0.001	0.004	0.001	0.117	0.001	0.704
neutral	0.226	0.002	0.005	0.001	0.169	0.001	0.597
neutral	0.083	0.001	0.006	0.001	0.117	0.002	0.790
neutral	0.127	0.001	0.008	0.001	0.128	0.002	0.733
neutral	0.164	0.001	0.005	0.002	0.120	0.001	0.707
neutral	0.104	0.001	0.004	0.001	0.107	0.002	0.780
neutral	0.080	0.002	0.006	0.002	0.116	0.002	0.793
neutral	0.193	0.001	0.005	0.001	0.121	0.001	0.677
neutral	0.136	0.001	0.005	0.002	0.091	0.002	0.763
neutral	0.182	0.001	0.005	0.001	0.132	0.001	0.679
neutral	0.133	0.001	0.004	0.001	0.104	0.001	0.758
neutral	0.081	0.002	0.007	0.003	0.118	0.004	0.786
neutral	0.085	0.003	0.007	0.002	0.121	0.003	0.779
neutral	0.123	0.003	0.012	0.003	0.196	0.004	0.659
neutral	0.232	0.001	0.005	0.001	0.179	0.001	0.582
neutral	0.218	0.001	0.006	0.001	0.152	0.001	0.621
neutral	0.130	0.001	0.005	0.001	0.109	0.001	0.753
neutral	0.120	0.001	0.005	0.001	0.119	0.002	0.752
neutral	0.183	0.003	0.009	0.002	0.193	0.003	0.607
neutral	0.208	0.003	0.007	0.001	0.176	0.002	0.603
neutral	0.094	0.001	0.009	0.002	0.163	0.004	0.727
neutral	0.150	0.005	0.008	0.002	0.236	0.002	0.598
neutral	0.162	0.001	0.004	0.001	0.144	0.002	0.687
neutral	0.128	0.000	0.003	0.002	0.107	0.001	0.758
neutral	0.231	0.004	0.008	0.001	0.279	0.001	0.477
neutral	0.177	0.004	0.005	0.001	0.232	0.001	0.580
neutral	0.140	0.002	0.004	0.001	0.206	0.001	0.647
neutral	0.159	0.001	0.005	0.001	0.157	0.001	0.677
neutral	0.109	0.001	0.004	0.001	0.142	0.001	0.741
neutral	0.127	0.001	0.004	0.001	0.141	0.001	0.725
neutral	0.129	0.001	0.004	0.002	0.124	0.002	0.739
neutral	0.190	0.001	0.004	0.001	0.250	0.001	0.553
neutral	0.168	0.001	0.006	0.001	0.180	0.001	0.643
neutral	0.205	0.001	0.004	0.001	0.161	0.002	0.626
neutral	0.229	0.001	0.012	0.001	0.268	0.002	0.487
neutral	0.277	0.002	0.009	0.000	0.292	0.001	0.418
neutral	0.237	0.002	0.006	0.000	0.268	0.001	0.485
neutral	0.214	0.003	0.011	0.001	0.224	0.003	0.544
neutral	0.226	0.001	0.006	0.000	0.332	0.001	0.434
neutral	0.244	0.005	0.011	0.001	0.313	0.001	0.425
sad	0.261	0.003	0.008	0.000	0.379	0.001	0.348
sad	0.316	0.003	0.008	0.000	0.343	0.001	0.330
neutral	0.207	0.003	0.009	0.000	0.283	0.002	0.496
neutral	0.220	0.005	0.009	0.001	0.284	0.002	0.480
sad	0.303	0.001	0.006	0.000	0.346	0.001	0.344
neutral	0.271	0.001	0.004	0.000	0.302	0.001	0.421
neutral	0.228	0.001	0.005	0.001	0.253	0.001	0.513
neutral	0.233	0.022	0.011	0.001	0.336	0.001	0.395
neutral	0.203	0.026	0.014	0.001	0.311	0.002	0.443
neutral	0.187	0.002	0.009	0.001	0.240	0.002	0.559
neutral	0.207	0.003	0.010	0.001	0.277	0.003	0.500
neutral	0.244	0.001	0.009	0.001	0.304	0.001	0.441
neutral	0.174	0.002	0.010	0.001	0.254	0.002	0.556
neutral	0.188	0.002	0.005	0.002	0.214	0.003	0.586
neutral	0.239	0.002	0.004	0.001	0.326	0.001	0.428
neutral	0.215	0.001	0.003	0.000	0.334	0.001	0.445
neutral	0.323	0.002	0.004	0.000	0.267	0.001	0.404
neutral	0.185	0.001	0.004	0.001	0.159	0.001	0.649
neutral	0.168	0.001	0.004	0.001	0.153	0.001	0.672
neutral	0.133	0.001	0.010	0.001	0.148	0.002	0.705
neutral	0.187	0.001	0.005	0.000	0.156	0.001	0.650
neutral	0.184	0.001	0.009	0.001	0.232	0.001	0.572
neutral	0.162	0.005	0.010	0.001	0.195	0.002	0.625
neutral	0.253	0.001	0.004	0.001	0.225	0.001	0.516
neutral	0.149	0.001	0.008	0.001	0.145	0.003	0.693
neutral	0.172	0.003	0.008	0.000	0.221	0.002	0.593
neutral	0.137	0.000	0.004	0.001	0.160	0.001	0.698
neutral	0.228	0.001	0.005	0.001	0.221	0.001	0.543
neutral	0.122	0.003	0.013	0.001	0.353	0.006	0.501
neutral	0.194	0.001	0.004	0.001	0.122	0.001	0.678
neutral	0.161	0.000	0.005	0.001	0.123	0.001	0.708
neutral	0.151	0.006	0.010	0.001	0.274	0.004	0.555
neutral	0.170	0.001	0.008	0.001	0.210	0.002	0.609
neutral	0.171	0.001	0.006	0.001	0.195	0.001	0.625
neutral	0.238	0.001	0.006	0.001	0.205	0.001	0.548
neutral	0.114	0.002	0.012	0.001	0.216	0.002	0.653
neutral	0.191	0.010	0.012	0.002	0.339	0.001	0.445
neutral	0.242	0.001	0.006	0.001	0.224	0.001	0.524
neutral	0.156	0.002	0.006	0.001	0.232	0.002	0.602
neutral	0.158	0.003	0.005	0.001	0.234	0.001	0.597
neutral	0.171	0.007	0.006	0.001	0.311	0.001	0.503
neutral	0.151	0.006	0.008	0.001	0.345	0.002	0.488
neutral	0.189	0.003	0.007	0.001	0.241	0.001	0.560
neutral	0.150	0.002	0.006	0.001	0.214	0.001	0.627
neutral	0.154	0.003	0.007	0.001	0.258	0.001	0.577
neutral	0.169	0.002	0.004	0.001	0.213	0.000	0.611
neutral	0.213	0.002	0.004	0.000	0.174	0.001	0.606
neutral	0.172	0.001	0.005	0.001	0.188	0.001	0.632
neutral	0.160	0.003	0.008	0.001	0.228	0.001	0.599
neutral	0.156	0.001	0.006	0.001	0.192	0.001	0.642
neutral	0.128	0.003	0.008	0.002	0.180	0.001	0.677
neutral	0.160	0.004	0.008	0.001	0.249	0.001	0.577
neutral	0.132	0.005	0.013	0.001	0.267	0.001	0.582
neutral	0.145	0.001	0.007	0.001	0.218	0.001	0.628
neutral	0.177	0.001	0.005	0.002	0.155	0.002	0.658
neutral	0.142	0.001	0.005	0.001	0.146	0.001	0.704
neutral	0.145	0.000	0.003	0.002	0.111	0.001	0.738
neutral	0.183	0.000	0.004	0.002	0.126	0.002	0.682
neutral	0.156	0.001	0.007	0.002	0.135	0.003	0.697
neutral	0.166	0.001	0.005	0.002	0.164	0.001	0.662
neutral	0.234	0.001	0.006	0.001	0.245	0.001	0.512
neutral	0.163	0.002	0.006	0.001	0.178	0.002	0.648
neutral	0.193	0.002	0.005	0.001	0.234	0.001	0.564
neutral	0.208	0.001	0.004	0.001	0.223	0.001	0.562
neutral	0.233	0.007	0.013	0.001	0.268	0.002	0.476
neutral	0.177	0.002	0.006	0.001	0.211	0.001	0.602
neutral	0.165	0.002	0.005	0.001	0.206	0.001	0.620
neutral	0.206	0.001	0.006	0.001	0.208	0.001	0.576
neutral	0.199	0.001	0.005	0.001	0.198	0.001	0.596
neutral	0.211	0.002	0.004	0.001	0.176	0.001	0.604
neutral	0.262	0.002	0.005	0.001	0.245	0.001	0.485
neutral	0.168	0.011	0.010	0.001	0.245	0.002	0.563
neutral	0.221	0.001	0.006	0.001	0.149	0.001	0.620
neutral	0.181	0.004	0.007	0.001	0.344	0.000	0.463
neutral	0.231	0.003	0.006	0.001	0.217	0.001	0.541
neutral	0.233	0.005	0.008	0.001	0.284	0.000	0.468
sad	0.207	0.014	0.010	0.001	0.394	0.001	0.373
neutral	0.211	0.007	0.007	0.001	0.185	0.001	0.587
sad	0.225	0.009	0.008	0.001	0.390	0.000	0.367
neutral	0.220	0.006	0.005	0.001	0.199	0.001	0.568
neutral	0.178	0.004	0.005	0.001	0.204	0.001	0.608
neutral	0.192	0.005	0.007	0.001	0.245	0.001	0.550
neutral	0.200	0.005	0.008	0.001	0.281	0.000	0.504
neutral	0.177	0.006	0.006	0.002	0.281	0.001	0.527
neutral	0.204	0.007	0.004	0.001	0.220	0.000	0.564
neutral	0.188	0.004	0.005	0.001	0.229	0.001	0.571
neutral	0.194	0.004	0.008	0.001	0.300	0.001	0.493
neutral	0.195	0.005	0.007	0.001	0.298	0.001	0.494
neutral	0.182	0.005	0.005	0.001	0.309	0.000	0.497
neutral	0.119	0.030	0.013	0.001	0.284	0.001	0.551
neutral	0.115	0.008	0.007	0.002	0.234	0.002	0.633
neutral	0.181	0.003	0.005	0.001	0.230	0.001	0.580
neutral	0.185	0.005	0.003	0.001	0.225	0.000	0.581
neutral	0.135	0.010	0.008	0.002	0.227	0.002	0.616
neutral	0.126	0.013	0.019	0.001	0.322	0.003	0.516
neutral	0.134	0.002	0.004	0.002	0.146	0.002	0.711
neutral	0.198	0.002	0.005	0.001	0.203	0.001	0.589
neutral	0.152	0.001	0.004	0.001	0.176	0.001	0.666
neutral	0.166	0.010	0.018	0.001	0.355	0.003	0.446
neutral	0.156	0.009	0.019	0.001	0.387	0.004	0.423
neutral	0.142	0.005	0.016	0.001	0.394	0.004	0.438
neutral	0.197	0.000	0.005	0.001	0.169	0.001	0.626
neutral	0.246	0.002	0.007	0.001	0.237	0.001	0.506
neutral	0.294	0.003	0.012	0.001	0.325	0.001	0.365
neutral	0.251	0.008	0.006	0.001	0.355	0.001	0.378
neutral	0.284	0.005	0.006	0.001	0.332	0.001	0.371
neutral	0.208	0.002	0.007	0.000	0.285	0.001	0.498
sad	0.166	0.051	0.015	0.000	0.480	0.001	0.286
sad	0.199	0.040	0.015	0.000	0.418	0.001	0.327
neutral	0.173	0.024	0.018	0.001	0.365	0.002	0.417
sad	0.173	0.019	0.021	0.001	0.463	0.002	0.321
neutral	0.248	0.003	0.015	0.001	0.353	0.002	0.377
neutral	0.176	0.005	0.019	0.001	0.393	0.005	0.400
neutral	0.195	0.002	0.015	0.001	0.300	0.003	0.484
neutral	0.164	0.006	0.015	0.002	0.327	0.003	0.483
neutral	0.337	0.003	0.009	0.001	0.261	0.002	0.388
neutral	0.318	0.002	0.008	0.001	0.271	0.001	0.399
neutral	0.132	0.011	0.017	0.001	0.387	0.002	0.450
neutral	0.313	0.003	0.008	0.001	0.264	0.002	0.409
neutral	0.272	0.006	0.005	0.001	0.343	0.000	0.372
neutral	0.188	0.003	0.004	0.001	0.221	0.001	0.582
neutral	0.207	0.008	0.005	0.001	0.291	0.001	0.487
neutral	0.208	0.002	0.004	0.001	0.214	0.000	0.572
neutral	0.232	0.006	0.006	0.000	0.265	0.001	0.490
neutral	0.220	0.006	0.005	0.001	0.274	0.000	0.494
neutral	0.168	0.006	0.005	0.001	0.290	0.000	0.531
neutral	0.178	0.002	0.004	0.001	0.195	0.001	0.619
neutral	0.165	0.002	0.008	0.001	0.218	0.001	0.606
neutral	0.216	0.002	0.005	0.001	0.273	0.001	0.503
neutral	0.200	0.005	0.012	0.001	0.353	0.002	0.428
neutral	0.203	0.002	0.004	0.001	0.254	0.000	0.536
neutral	0.134	0.003	0.006	0.001	0.227	0.001	0.628
neutral	0.109	0.003	0.008	0.001	0.220	0.002	0.658
neutral	0.207	0.003	0.004	0.001	0.268	0.001	0.516
neutral	0.231	0.005	0.007	0.001	0.303	0.000	0.453
neutral	0.161	0.005	0.010	0.001	0.340	0.001	0.481
sad	0.253	0.005	0.008	0.000	0.376	0.000	0.358
sad	0.133	0.010	0.024	0.000	0.556	0.000	0.276
sad	0.116	0.067	0.014	0.000	0.548	0.000	0.255
sad	0.131	0.023	0.017	0.001	0.495	0.002	0.332
sad	0.117	0.018	0.020	0.001	0.450	0.002	0.392
neutral	0.137	0.023	0.023	0.001	0.386	0.002	0.428
neutral	0.116	0.009	0.015	0.001	0.365	0.001	0.492
neutral	0.116	0.027	0.016	0.000	0.418	0.001	0.422
neutral	0.161	0.011	0.013	0.001	0.265	0.001	0.549
neutral	0.124	0.033	0.020	0.001	0.368	0.001	0.453
neutral	0.124	0.018	0.019	0.001	0.299	0.001	0.538
neutral	0.153	0.033	0.018	0.001	0.293	0.002	0.500
neutral	0.143	0.007	0.012	0.001	0.316	0.001	0.520
neutral	0.158	0.004	0.007	0.001	0.259	0.001	0.570
neutral	0.150	0.023	0.014	0.001	0.321	0.002	0.489
neutral	0.259	0.005	0.009	0.001	0.282	0.001	0.444
neutral	0.245	0.021	0.008	0.001	0.336	0.001	0.388
sad	0.234	0.006	0.006	0.000	0.586	0.000	0.168
neutral	0.217	0.002	0.002	0.001	0.155	0.000	0.623
neutral	0.230	0.002	0.002	0.001	0.199	0.000	0.567
neutral	0.079	0.002	0.004	0.002	0.094	0.001	0.819
neutral	0.128	0.001	0.002	0.001	0.129	0.001	0.739
neutral	0.200	0.001	0.003	0.001	0.225	0.001	0.571
neutral	0.235	0.000	0.001	0.001	0.167	0.001	0.595
neutral	0.231	0.000	0.002	0.001	0.179	0.001	0.586
neutral	0.211	0.001	0.002	0.001	0.110	0.001	0.674
neutral	0.140	0.001	0.003	0.002	0.165	0.002	0.687
neutral	0.154	0.001	0.002	0.001	0.152	0.001	0.690
neutral	0.154	0.001	0.002	0.001	0.101	0.001	0.740
neutral	0.143	0.009	0.010	0.001	0.282	0.004	0.550
neutral	0.163	0.003	0.004	0.001	0.088	0.001	0.740
neutral	0.176	0.002	0.005	0.001	0.142	0.001	0.674
neutral	0.159	0.003	0.011	0.001	0.292	0.003	0.531
neutral	0.315	0.001	0.002	0.001	0.143	0.000	0.538
neutral	0.233	0.002	0.005	0.001	0.243	0.001	0.515
neutral	0.117	0.001	0.008	0.001	0.167	0.001	0.706
neutral	0.218	0.001	0.003	0.001	0.194	0.000	0.582
neutral	0.339	0.004	0.003	0.001	0.192	0.001	0.461
neutral	0.264	0.003	0.003	0.002	0.200	0.001	0.527
neutral	0.273	0.002	0.003	0.001	0.239	0.000	0.482
neutral	0.269	0.002	0.005	0.001	0.224	0.001	0.498
neutral	0.233	0.001	0.005	0.001	0.181	0.001	0.578
neutral	0.144	0.011	0.013	0.002	0.309	0.002	0.520
neutral	0.141	0.020	0.009	0.001	0.261	0.001	0.565
neutral	0.170	0.004	0.003	0.001	0.183	0.000	0.638
neutral	0.188	0.023	0.011	0.002	0.249	0.002	0.525
neutral	0.275	0.018	0.007	0.001	0.213	0.001	0.484
neutral	0.186	0.022	0.006	0.003	0.195	0.001	0.587
neutral	0.218	0.004	0.003	0.002	0.162	0.001	0.611
neutral	0.188	0.002	0.004	0.001	0.195	0.002	0.609
neutral	0.277	0.001	0.003	0.001	0.209	0.001	0.510
neutral	0.190	0.001	0.003	0.001	0.198	0.001	0.606
neutral	0.385	0.002	0.002	0.001	0.171	0.001	0.439
neutral	0.134	0.002	0.003	0.001	0.101	0.001	0.758
neutral	0.255	0.001	0.004	0.001	0.161	0.001	0.577
neutral	0.232	0.001	0.003	0.001	0.134	0.001	0.628
neutral	0.310	0.002	0.003	0.002	0.187	0.001	0.496
neutral	0.357	0.001	0.003	0.001	0.163	0.001	0.475
neutral	0.110	0.000	0.006	0.003	0.127	0.003	0.751
neutral	0.141	0.000	0.004	0.001	0.143	0.001	0.710
neutral	0.331	0.001	0.002	0.001	0.162	0.001	0.503
neutral	0.168	0.001	0.007	0.002	0.152	0.002	0.668
neutral	0.334	0.001	0.003	0.001	0.156	0.001	0.504
neutral	0.274	0.002	0.005	0.001	0.113	0.001	0.605
neutral	0.202	0.001	0.005	0.001	0.150	0.001	0.640
neutral	0.273	0.001	0.002	0.002	0.182	0.001	0.540
neutral	0.169	0.000	0.004	0.001	0.166	0.003	0.657
neutral	0.160	0.000	0.005	0.001	0.113	0.002	0.718
neutral	0.195	0.000	0.005	0.001	0.195	0.001	0.601
neutral	0.262	0.001	0.003	0.002	0.168	0.001	0.564
neutral	0.148	0.001	0.009	0.002	0.156	0.003	0.683
neutral	0.243	0.001	0.005	0.001	0.157	0.001	0.593
neutral	0.267	0.001	0.004	0.001	0.139	0.001	0.586
neutral	0.126	0.002	0.007	0.001	0.141	0.003	0.720
neutral	0.317	0.001	0.004	0.001	0.133	0.001	0.544
neutral	0.277	0.001	0.004	0.002	0.226	0.001	0.489
neutral	0.296	0.001	0.004	0.002	0.200	0.001	0.496
neutral	0.175	0.002	0.005	0.001	0.161	0.002	0.655
neutral	0.159	0.000	0.003	0.003	0.130	0.001	0.705
neutral	0.263	0.001	0.004	0.001	0.186	0.001	0.544
neutral	0.145	0.001	0.006	0.002	0.217	0.001	0.628
neutral	0.192	0.000	0.004	0.002	0.168	0.001	0.632
neutral	0.184	0.002	0.005	0.001	0.196	0.001	0.612
neutral	0.190	0.001	0.004	0.001	0.185	0.001	0.618
neutral	0.241	0.000	0.002	0.001	0.123	0.001	0.631
neutral	0.243	0.001	0.003	0.001	0.216	0.001	0.534
neutral	0.225	0.001	0.004	0.001	0.200	0.001	0.568
neutral	0.219	0.001	0.003	0.001	0.181	0.001	0.594
neutral	0.253	0.001	0.003	0.001	0.243	0.001	0.498
neutral	0.263	0.003	0.003	0.001	0.209	0.001	0.520
neutral	0.134	0.001	0.005	0.002	0.156	0.001	0.701
neutral	0.322	0.003	0.004	0.001	0.315	0.000	0.355
neutral	0.189	0.005	0.007	0.001	0.311	0.001	0.487
sad	0.175	0.019	0.010	0.001	0.406	0.002	0.386
neutral	0.190	0.005	0.010	0.001	0.366	0.001	0.427
neutral	0.254	0.002	0.004	0.001	0.308	0.001	0.430
neutral	0.241	0.002	0.003	0.001	0.243	0.001	0.509
sad	0.323	0.002	0.004	0.001	0.346	0.001	0.323
neutral	0.190	0.010	0.013	0.001	0.333	0.001	0.452
neutral	0.225	0.003	0.009	0.000	0.347	0.000	0.416
neutral	0.172	0.028	0.009	0.001	0.242	0.001	0.547
neutral	0.270	0.002	0.004	0.001	0.280	0.001	0.443
neutral	0.187	0.001	0.008	0.001	0.305	0.001	0.498
neutral	0.208	0.004	0.006	0.001	0.252	0.001	0.527
neutral	0.300	0.001	0.003	0.001	0.188	0.001	0.507
neutral	0.346	0.003	0.004	0.001	0.214	0.001	0.433
neutral	0.168	0.000	0.004	0.001	0.163	0.001	0.662
neutral	0.281	0.000	0.004	0.001	0.214	0.000	0.500
neutral	0.236	0.002	0.007	0.001	0.268	0.002	0.485
neutral	0.187	0.002	0.008	0.001	0.213	0.002	0.587
neutral	0.277	0.001	0.002	0.001	0.178	0.001	0.540
neutral	0.272	0.003	0.005	0.001	0.317	0.001	0.402
neutral	0.253	0.002	0.003	0.001	0.240	0.001	0.500
neutral	0.255	0.001	0.004	0.001	0.228	0.001	0.511
neutral	0.070	0.000	0.006	0.002	0.129	0.004	0.789
neutral	0.279	0.000	0.003	0.001	0.153	0.001	0.563
neutral	0.230	0.000	0.005	0.002	0.180	0.002	0.581
neutral	0.295	0.000	0.003	0.002	0.181	0.001	0.518
neutral	0.319	0.000	0.002	0.001	0.155	0.001	0.521
neutral	0.253	0.001	0.006	0.001	0.202	0.002	0.535
neutral	0.240	0.001	0.005	0.002	0.159	0.001	0.592
neutral	0.277	0.001	0.004	0.002	0.256	0.001	0.460
neutral	0.229	0.001	0.005	0.002	0.293	0.001	0.470
neutral	0.239	0.005	0.005	0.001	0.246	0.001	0.504
neutral	0.300	0.002	0.006	0.001	0.270	0.001	0.420
neutral	0.116	0.001	0.005	0.002	0.126	0.001	0.749
neutral	0.214	0.004	0.006	0.001	0.264	0.001	0.509
neutral	0.254	0.005	0.004	0.001	0.219	0.001	0.516
neutral	0.227	0.003	0.004	0.001	0.181	0.001	0.584
neutral	0.270	0.001	0.002	0.001	0.173	0.001	0.552
neutral	0.228	0.006	0.006	0.002	0.214	0.001	0.543
neutral	0.250	0.002	0.003	0.001	0.172	0.001	0.572
angry	0.369	0.002	0.004	0.001	0.267	0.001	0.355
neutral	0.202	0.002	0.006	0.001	0.211	0.002	0.575
neutral	0.322	0.003	0.003	0.001	0.196	0.001	0.474
neutral	0.244	0.001	0.003	0.001	0.174	0.001	0.576
neutral	0.106	0.005	0.007	0.001	0.162	0.002	0.718
neutral	0.223	0.002	0.003	0.001	0.143	0.001	0.627
neutral	0.308	0.002	0.003	0.001	0.179	0.001	0.507
neutral	0.118	0.002	0.006	0.001	0.253	0.004	0.615
neutral	0.127	0.005	0.005	0.001	0.190	0.002	0.669
neutral	0.124	0.006	0.009	0.001	0.227	0.003	0.630
neutral	0.125	0.002	0.005	0.001	0.148	0.001	0.718
neutral	0.332	0.003	0.004	0.001	0.245	0.001	0.415
neutral	0.209	0.002	0.006	0.001	0.259	0.001	0.521
neutral	0.320	0.003	0.003	0.001	0.212	0.001	0.460
neutral	0.123	0.007	0.008	0.001	0.164	0.002	0.695
neutral	0.189	0.003	0.005	0.001	0.179	0.001	0.622
neutral	0.243	0.003	0.005	0.001	0.132	0.001	0.615
neutral	0.333	0.004	0.003	0.001	0.231	0.001	0.428
neutral	0.143	0.003	0.010	0.001	0.175	0.002	0.667
neutral	0.146	0.004	0.014	0.001	0.198	0.002	0.635
neutral	0.229	0.003	0.003	0.001	0.154	0.001	0.609
angry	0.425	0.003	0.004	0.001	0.168	0.001	0.399
neutral	0.148	0.006	0.008	0.001	0.197	0.001	0.640
neutral	0.331	0.005	0.002	0.001	0.201	0.001	0.459
neutral	0.132	0.002	0.005	0.001	0.175	0.001	0.684
neutral	0.163	0.008	0.007	0.001	0.172	0.002	0.646
neutral	0.113	0.004	0.006	0.001	0.139	0.001	0.735
neutral	0.161	0.004	0.006	0.001	0.154	0.001	0.674
neutral	0.269	0.003	0.005	0.001	0.152	0.001	0.570
neutral	0.176	0.006	0.004	0.001	0.145	0.001	0.667
neutral	0.170	0.012	0.010	0.002	0.243	0.003	0.560
neutral	0.097	0.006	0.006	0.002	0.172	0.002	0.716
neutral	0.089	0.004	0.007	0.002	0.229	0.004	0.666
neutral	0.110	0.010	0.009	0.002	0.212	0.002	0.655
neutral	0.144	0.005	0.009	0.002	0.290	0.003	0.546
neutral	0.159	0.005	0.012	0.002	0.271	0.003	0.548
neutral	0.094	0.012	0.008	0.002	0.249	0.002	0.632
neutral	0.383	0.006	0.003	0.001	0.185	0.000	0.423
neutral	0.140	0.005	0.008	0.001	0.194	0.001	0.651
neutral	0.119	0.008	0.007	0.001	0.205	0.002	0.658
neutral	0.141	0.009	0.008	0.002	0.211	0.002	0.628
angry	0.425	0.004	0.004	0.000	0.214	0.001	0.352
neutral	0.110	0.003	0.008	0.002	0.229	0.002	0.646
neutral	0.178	0.005	0.004	0.001	0.126	0.001	0.685
neutral	0.261	0.004	0.006	0.000	0.170	0.001	0.559
neutral	0.182	0.005	0.005	0.001	0.147	0.001	0.659
neutral	0.164	0.005	0.005	0.001	0.150	0.001	0.675
neutral	0.121	0.002	0.007	0.002	0.272	0.003	0.592
angry	0.385	0.002	0.004	0.001	0.235	0.001	0.371
angry	0.456	0.002	0.003	0.001	0.199	0.001	0.339
neutral	0.163	0.001	0.006	0.003	0.213	0.001	0.612
neutral	0.242	0.001	0.005	0.003	0.211	0.001	0.537
neutral	0.240	0.002	0.006	0.001	0.190	0.001	0.559
neutral	0.273	0.002	0.004	0.001	0.145	0.001	0.574
neutral	0.385	0.002	0.004	0.001	0.211	0.001	0.397
neutral	0.380	0.002	0.005	0.001	0.208	0.001	0.404
neutral	0.127	0.004	0.007	0.002	0.286	0.002	0.571
neutral	0.242	0.003	0.006	0.001	0.225	0.001	0.521
neutral	0.172	0.005	0.009	0.002	0.284	0.003	0.526
neutral	0.219	0.005	0.007	0.001	0.339	0.002	0.427
neutral	0.239	0.004	0.005	0.001	0.190	0.001	0.560
neutral	0.196	0.004	0.010	0.002	0.281	0.002	0.505
neutral	0.287	0.002	0.009	0.002	0.303	0.003	0.395
neutral	0.240	0.004	0.007	0.001	0.285	0.001	0.461
neutral	0.364	0.003	0.005	0.001	0.190	0.001	0.437
neutral	0.148	0.003	0.011	0.002	0.235	0.004	0.596
neutral	0.107	0.001	0.009	0.001	0.197	0.001	0.684
neutral	0.299	0.001	0.004	0.001	0.141	0.001	0.553
neutral	0.233	0.001	0.008	0.001	0.176	0.002	0.580
angry	0.510	0.001	0.007	0.001	0.230	0.001	0.249
neutral	0.347	0.001	0.004	0.001	0.149	0.001	0.497
neutral	0.219	0.007	0.010	0.002	0.279	0.002	0.480
angry	0.421	0.001	0.004	0.001	0.195	0.001	0.377
angry	0.362	0.004	0.007	0.002	0.285	0.001	0.340
neutral	0.135	0.004	0.007	0.002	0.164	0.002	0.687
neutral	0.171	0.002	0.003	0.001	0.123	0.001	0.699
neutral	0.181	0.005	0.010	0.002	0.333	0.003	0.466
neutral	0.310	0.004	0.011	0.003	0.291	0.003	0.377
neutral	0.211	0.006	0.009	0.002	0.310	0.003	0.460
neutral	0.082	0.000	0.006	0.001	0.143	0.002	0.766
neutral	0.204	0.012	0.009	0.002	0.323	0.002	0.448
neutral	0.142	0.004	0.008	0.001	0.236	0.001	0.609
neutral	0.260	0.002	0.003	0.001	0.168	0.001	0.564
neutral	0.239	0.013	0.012	0.003	0.273	0.002	0.459
neutral	0.212	0.004	0.006	0.001	0.199	0.002	0.575
neutral	0.234	0.002	0.003	0.001	0.125	0.001	0.635
neutral	0.164	0.003	0.006	0.001	0.198	0.002	0.626
neutral	0.191	0.003	0.005	0.002	0.139	0.002	0.659
neutral	0.146	0.001	0.004	0.001	0.155	0.003	0.690
neutral	0.161	0.005	0.009	0.002	0.311	0.003	0.510
neutral	0.174	0.004	0.007	0.002	0.161	0.002	0.651
neutral	0.184	0.003	0.005	0.001	0.139	0.002	0.666
neutral	0.148	0.002	0.007	0.001	0.157	0.002	0.683
neutral	0.120	0.004	0.011	0.002	0.286	0.003	0.575
neutral	0.166	0.003	0.011	0.003	0.267	0.003	0.546
neutral	0.109	0.004	0.009	0.002	0.239	0.003	0.634
neutral	0.138	0.002	0.008	0.001	0.203	0.002	0.645
neutral	0.128	0.015	0.010	0.002	0.275	0.001	0.569
neutral	0.117	0.007	0.006	0.002	0.179	0.001	0.688
neutral	0.325	0.003	0.002	0.001	0.156	0.001	0.512
neutral	0.289	0.001	0.003	0.001	0.194	0.001	0.511
neutral	0.167	0.007	0.005	0.001	0.189	0.002	0.629
neutral	0.281	0.005	0.004	0.001	0.168	0.001	0.540
sad	0.191	0.012	0.019	0.001	0.406	0.001	0.371
neutral	0.153	0.012	0.004	0.001	0.185	0.001	0.644
neutral	0.214	0.002	0.004	0.001	0.132	0.001	0.646
neutral	0.177	0.002	0.004	0.001	0.113	0.001	0.701
neutral	0.337	0.002	0.003	0.001	0.144	0.001	0.513
neutral	0.117	0.002	0.007	0.002	0.177	0.002	0.694
neutral	0.185	0.001	0.004	0.001	0.194	0.001	0.614
neutral	0.272	0.001	0.003	0.001	0.132	0.001	0.591
neutral	0.222	0.003	0.002	0.002	0.107	0.001	0.664
neutral	0.086	0.003	0.006	0.002	0.178	0.004	0.723
neutral	0.163	0.003	0.003	0.001	0.129	0.002	0.700
neutral	0.336	0.007	0.003	0.002	0.165	0.001	0.486
neutral	0.110	0.005	0.006	0.002	0.173	0.002	0.702
neutral	0.153	0.002	0.014	0.002	0.310	0.003	0.517
neutral	0.152	0.005	0.009	0.002	0.218	0.002	0.613
neutral	0.142	0.002	0.003	0.001	0.113	0.001	0.738
neutral	0.135	0.001	0.009	0.002	0.180	0.003	0.670
neutral	0.149	0.003	0.003	0.001	0.122	0.002	0.719
neutral	0.164	0.001	0.003	0.001	0.130	0.001	0.700
neutral	0.234	0.002	0.006	0.001	0.202	0.001	0.555
neutral	0.320	0.002	0.003	0.001	0.140	0.001	0.532
neutral	0.147	0.003	0.004	0.001	0.133	0.001	0.713
neutral	0.151	0.002	0.006	0.001	0.145	0.002	0.693
neutral	0.174	0.001	0.003	0.001	0.114	0.001	0.707
neutral	0.187	0.004	0.008	0.003	0.270	0.003	0.524
neutral	0.158	0.001	0.004	0.001	0.145	0.001	0.691
neutral	0.111	0.001	0.007	0.001	0.214	0.003	0.662
neutral	0.137	0.001	0.005	0.001	0.169	0.001	0.686
neutral	0.143	0.002	0.007	0.001	0.184	0.003	0.659
neutral	0.104	0.002	0.008	0.003	0.212	0.005	0.666
neutral	0.110	0.001	0.008	0.001	0.193	0.002	0.685
neutral	0.171	0.005	0.007	0.002	0.264	0.003	0.547
neutral	0.155	0.005	0.007	0.002	0.251	0.003	0.577
neutral	0.179	0.006	0.007	0.002	0.238	0.002	0.567
neutral	0.104	0.003	0.010	0.002	0.245	0.004	0.631
neutral	0.125	0.001	0.008	0.001	0.171	0.003	0.691
neutral	0.330	0.006	0.009	0.002	0.259	0.002	0.392
neutral	0.319	0.010	0.007	0.002	0.248	0.001	0.413
neutral	0.164	0.008	0.008	0.002	0.213	0.002	0.603
neutral	0.092	0.006	0.013	0.003	0.265	0.005	0.616
neutral	0.105	0.006	0.010	0.001	0.253	0.005	0.619
neutral	0.199	0.010	0.013	0.001	0.224	0.003	0.550
neutral	0.184	0.005	0.008	0.001	0.225	0.002	0.574
neutral	0.219	0.011	0.011	0.002	0.279	0.002	0.476
neutral	0.248	0.008	0.007	0.004	0.242	0.003	0.488
neutral	0.202	0.003	0.008	0.002	0.252	0.003	0.530
neutral	0.146	0.004	0.005	0.001	0.150	0.002	0.692
neutral	0.125	0.002	0.007	0.002	0.216	0.006	0.643
neutral	0.247	0.012	0.012	0.004	0.320	0.004	0.401
neutral	0.135	0.006	0.009	0.002	0.209	0.003	0.636
neutral	0.192	0.007	0.013	0.003	0.286	0.005	0.495
neutral	0.128	0.006	0.013	0.003	0.290	0.004	0.557
neutral	0.105	0.005	0.010	0.002	0.339	0.005	0.534
neutral	0.264	0.004	0.003	0.001	0.120	0.001	0.607
neutral	0.175	0.003	0.008	0.001	0.168	0.001	0.643
neutral	0.192	0.004	0.005	0.001	0.122	0.001	0.674
neutral	0.164	0.019	0.012	0.003	0.262	0.003	0.538
neutral	0.116	0.008	0.010	0.002	0.357	0.003	0.506
neutral	0.126	0.018	0.012	0.001	0.324	0.002	0.517
neutral	0.165	0.003	0.008	0.002	0.283	0.004	0.535
neutral	0.116	0.035	0.011	0.001	0.330	0.002	0.506
neutral	0.127	0.010	0.007	0.001	0.232	0.001	0.622
neutral	0.168	0.018	0.015	0.002	0.313	0.001	0.483
neutral	0.183	0.018	0.005	0.001	0.196	0.001	0.595
neutral	0.146	0.023	0.006	0.001	0.217	0.002	0.606
neutral	0.100	0.001	0.006	0.001	0.173	0.001	0.719
neutral	0.249	0.023	0.013	0.003	0.283	0.002	0.425
neutral	0.187	0.023	0.015	0.002	0.302	0.003	0.468
neutral	0.095	0.009	0.010	0.001	0.284	0.003	0.598
neutral	0.169	0.004	0.013	0.003	0.235	0.003	0.573
neutral	0.098	0.009	0.009	0.001	0.221	0.002	0.660
neutral	0.144	0.017	0.013	0.003	0.320	0.003	0.500
neutral	0.120	0.008	0.010	0.002	0.302	0.003	0.555
neutral	0.158	0.003	0.006	0.001	0.218	0.001	0.613
neutral	0.189	0.002	0.007	0.001	0.250	0.001	0.550
neutral	0.178	0.002	0.006	0.001	0.200	0.001	0.612
neutral	0.180	0.002	0.005	0.001	0.202	0.001	0.609
neutral	0.133	0.006	0.009	0.001	0.257	0.002	0.592
neutral	0.202	0.015	0.011	0.002	0.367	0.004	0.399
neutral	0.088	0.004	0.011	0.001	0.393	0.002	0.500
neutral	0.133	0.007	0.009	0.001	0.282	0.002	0.566
neutral	0.111	0.010	0.011	0.002	0.349	0.003	0.515
neutral	0.091	0.004	0.010	0.001	0.235	0.001	0.659
neutral	0.303	0.010	0.011	0.002	0.291	0.002	0.381
sad	0.175	0.005	0.012	0.001	0.454	0.003	0.349
neutral	0.104	0.022	0.010	0.002	0.415	0.002	0.446
neutral	0.143	0.016	0.010	0.002	0.255	0.003	0.571
neutral	0.150	0.029	0.009	0.001	0.266	0.002	0.542
neutral	0.226	0.007	0.007	0.001	0.226	0.002	0.532
neutral	0.160	0.053	0.011	0.002	0.297	0.003	0.474
neutral	0.277	0.013	0.011	0.002	0.276	0.003	0.419
neutral	0.190	0.005	0.008	0.001	0.272	0.004	0.519
neutral	0.174	0.009	0.008	0.002	0.253	0.004	0.550
neutral	0.172	0.010	0.010	0.001	0.242	0.002	0.562
neutral	0.172	0.028	0.008	0.002	0.297	0.003	0.490
neutral	0.237	0.015	0.009	0.002	0.299	0.003	0.435
neutral	0.174	0.002	0.006	0.001	0.262	0.002	0.553
neutral	0.298	0.003	0.002	0.000	0.278	0.001	0.417
neutral	0.326	0.013	0.004	0.001	0.301	0.000	0.355
angry	0.362	0.008	0.003	0.001	0.300	0.000	0.327
neutral	0.175	0.037	0.012	0.001	0.356	0.002	0.417
neutral	0.324	0.006	0.006	0.002	0.156	0.002	0.505
neutral	0.261	0.002	0.009	0.001	0.242	0.001	0.483
neutral	0.357	0.000	0.005	0.001	0.098	0.001	0.537
neutral	0.170	0.000	0.014	0.001	0.119	0.000	0.696
neutral	0.199	0.001	0.021	0.001	0.184	0.000	0.594
neutral	0.179	0.000	0.006	0.002	0.082	0.001	0.731
neutral	0.102	0.000	0.010	0.002	0.055	0.001	0.830
neutral	0.085	0.000	0.018	0.001	0.101	0.002	0.793
neutral	0.158	0.000	0.011	0.002	0.071	0.003	0.754
neutral	0.108	0.000	0.009	0.002	0.056	0.003	0.822
neutral	0.243	0.002	0.009	0.002	0.082	0.002	0.660
neutral	0.097	0.000	0.004	0.005	0.022	0.003	0.869
neutral	0.091	0.001	0.008	0.005	0.050	0.006	0.838
neutral	0.214	0.001	0.006	0.002	0.052	0.002	0.723
neutral	0.086	0.000	0.009	0.004	0.042	0.005	0.853
neutral	0.097	0.000	0.003	0.001	0.070	0.001	0.829
neutral	0.111	0.001	0.006	0.002	0.053	0.002	0.826
neutral	0.161	0.001	0.010	0.003	0.082	0.005	0.738
neutral	0.130	0.002	0.013	0.007	0.107	0.008	0.733
neutral	0.118	0.002	0.011	0.008	0.081	0.008	0.770
neutral	0.118	0.001	0.010	0.008	0.083	0.006	0.774
neutral	0.187	0.001	0.012	0.005	0.089	0.009	0.697
neutral	0.085	0.001	0.009	0.003	0.062	0.005	0.835
neutral	0.090	0.002	0.010	0.007	0.073	0.006	0.812
neutral	0.331	0.002	0.004	0.003	0.055	0.004	0.600
neutral	0.215	0.001	0.007	0.003	0.062	0.007	0.706
neutral	0.204	0.001	0.004	0.003	0.034	0.004	0.751
neutral	0.193	0.000	0.003	0.002	0.037	0.002	0.762
neutral	0.161	0.002	0.007	0.010	0.065	0.005	0.749
neutral	0.162	0.001	0.006	0.006	0.066	0.002	0.756
neutral	0.215	0.004	0.003	0.004	0.052	0.002	0.719
neutral	0.253	0.011	0.006	0.016	0.094	0.003	0.617
neutral	0.216	0.004	0.004	0.008	0.064	0.002	0.704
neutral	0.187	0.001	0.005	0.004	0.049	0.003	0.751
neutral	0.196	0.000	0.002	0.004	0.029	0.001	0.767
neutral	0.157	0.002	0.003	0.008	0.041	0.003	0.787
neutral	0.200	0.000	0.003	0.005	0.038	0.004	0.749
neutral	0.129	0.003	0.006	0.014	0.059	0.008	0.781
neutral	0.179	0.001	0.004	0.005	0.052	0.004	0.755
neutral	0.200	0.001	0.004	0.009	0.056	0.003	0.727
neutral	0.175	0.001	0.005	0.007	0.059	0.004	0.749
neutral	0.199	0.001	0.003	0.006	0.039	0.002	0.750
neutral	0.165	0.001	0.003	0.005	0.036	0.003	0.787
neutral	0.219	0.002	0.006	0.015	0.074	0.006	0.678
neutral	0.132	0.004	0.005	0.016	0.057	0.006	0.780
neutral	0.190	0.002	0.004	0.009	0.049	0.002	0.744
neutral	0.185	0.001	0.002	0.004	0.032	0.002	0.775
neutral	0.249	0.001	0.003	0.003	0.047	0.002	0.695
neutral	0.212	0.001	0.003	0.003	0.039	0.001	0.741
neutral	0.197	0.001	0.006	0.006	0.057	0.008	0.725
neutral	0.188	0.001	0.006	0.004	0.042	0.004	0.756
neutral	0.259	0.001	0.006	0.009	0.053	0.007	0.666
neutral	0.223	0.001	0.006	0.005	0.060	0.004	0.702
neutral	0.192	0.001	0.007	0.006	0.066	0.005	0.723
neutral	0.188	0.001	0.006	0.005	0.051	0.006	0.744
neutral	0.166	0.000	0.004	0.003	0.052	0.003	0.771
neutral	0.311	0.002	0.004	0.003	0.054	0.002	0.625
neutral	0.196	0.001	0.006	0.003	0.061	0.002	0.730
neutral	0.172	0.001	0.004	0.005	0.055	0.004	0.760
neutral	0.210	0.002	0.004	0.005	0.059	0.003	0.717
neutral	0.179	0.001	0.004	0.005	0.059	0.002	0.750
neutral	0.224	0.002	0.003	0.005	0.060	0.002	0.703
neutral	0.166	0.001	0.007	0.014	0.091	0.004	0.717
neutral	0.189	0.001	0.004	0.008	0.056	0.003	0.739
neutral	0.160	0.001	0.004	0.008	0.049	0.003	0.774
neutral	0.163	0.001	0.002	0.005	0.041	0.002	0.786
neutral	0.187	0.001	0.006	0.007	0.094	0.005	0.700
neutral	0.148	0.001	0.008	0.017	0.080	0.007	0.739
neutral	0.162	0.001	0.004	0.007	0.049	0.004	0.774
neutral	0.135	0.000	0.005	0.002	0.057	0.003	0.798
neutral	0.148	0.001	0.007	0.009	0.099	0.005	0.730
neutral	0.310	0.001	0.009	0.011	0.091	0.014	0.565
neutral	0.169	0.001	0.008	0.018	0.094	0.008	0.702
neutral	0.178	0.001	0.006	0.016	0.081	0.012	0.706
neutral	0.210	0.001	0.005	0.005	0.055	0.004	0.719
neutral	0.209	0.001	0.008	0.006	0.069	0.005	0.702
neutral	0.197	0.000	0.004	0.004	0.041	0.005	0.749
neutral	0.200	0.001	0.008	0.010	0.098	0.005	0.678
neutral	0.204	0.000	0.003	0.003	0.044	0.003	0.743
neutral	0.187	0.000	0.004	0.006	0.051	0.003	0.749
neutral	0.099	0.001	0.006	0.004	0.065	0.005	0.820
neutral	0.190	0.001	0.007	0.013	0.083	0.008	0.699
neutral	0.187	0.001	0.004	0.005	0.057	0.004	0.742
neutral	0.176	0.001	0.006	0.003	0.075	0.004	0.736
neutral	0.195	0.001	0.003	0.003	0.034	0.001	0.765
neutral	0.163	0.000	0.004	0.004	0.045	0.003	0.781
neutral	0.147	0.001	0.003	0.008	0.045	0.003	0.793
neutral	0.166	0.001	0.005	0.017	0.053	0.008	0.750
neutral	0.148	0.000	0.002	0.005	0.031	0.003	0.812
neutral	0.126	0.001	0.004	0.007	0.046	0.004	0.812
neutral	0.128	0.000	0.002	0.004	0.026	0.003	0.837
neutral	0.127	0.001	0.004	0.008	0.056	0.004	0.800
neutral	0.136	0.001	0.005	0.017	0.054	0.007	0.782
neutral	0.185	0.001	0.006	0.008	0.063	0.008	0.729
neutral	0.121	0.002	0.007	0.017	0.060	0.006	0.787
neutral	0.135	0.001	0.002	0.005	0.029	0.002	0.827
neutral	0.173	0.002	0.004	0.005	0.051	0.002	0.763
neutral	0.172	0.001	0.003	0.005	0.056	0.002	0.762
neutral	0.220	0.002	0.004	0.006	0.043	0.004	0.721
neutral	0.194	0.002	0.003	0.007	0.056	0.003	0.734
neutral	0.180	0.005	0.004	0.013	0.069	0.002	0.727
neutral	0.174	0.001	0.006	0.005	0.059	0.004	0.751
neutral	0.197	0.004	0.005	0.008	0.069	0.003	0.714
neutral	0.197	0.005	0.006	0.016	0.085	0.003	0.688
neutral	0.155	0.004	0.006	0.008	0.090	0.004	0.733
neutral	0.140	0.000	0.003	0.004	0.033	0.003	0.817
neutral	0.205	0.004	0.003	0.009	0.054	0.002	0.723
neutral	0.179	0.004	0.003	0.007	0.054	0.002	0.751
neutral	0.183	0.004	0.003	0.007	0.052	0.002	0.750
neutral	0.198	0.002	0.004	0.009	0.058	0.003	0.727
neutral	0.184	0.006	0.003	0.005	0.072	0.003	0.727
neutral	0.202	0.005	0.005	0.008	0.070	0.003	0.708
neutral	0.177	0.001	0.005	0.004	0.051	0.004	0.758
neutral	0.223	0.005	0.004	0.009	0.075	0.002	0.682
neutral	0.194	0.003	0.004	0.006	0.078	0.002	0.713
neutral	0.192	0.003	0.004	0.008	0.062	0.002	0.730
neutral	0.175	0.001	0.002	0.003	0.044	0.002	0.771
neutral	0.230	0.003	0.005	0.014	0.070	0.005	0.673
neutral	0.273	0.002	0.004	0.009	0.070	0.003	0.638
neutral	0.181	0.001	0.002	0.004	0.043	0.002	0.766
neutral	0.215	0.002	0.002	0.006	0.050	0.002	0.723
neutral	0.168	0.001	0.003	0.005	0.056	0.002	0.766
neutral	0.177	0.002	0.002	0.004	0.038	0.002	0.775
neutral	0.153	0.001	0.003	0.004	0.056	0.002	0.780
neutral	0.222	0.006	0.005	0.017	0.083	0.004	0.664
neutral	0.252	0.001	0.004	0.009	0.054	0.003	0.677
neutral	0.230	0.005	0.004	0.007	0.082	0.002	0.671
neutral	0.165	0.001	0.003	0.006	0.042	0.002	0.781
neutral	0.194	0.005	0.003	0.007	0.056	0.002	0.734
neutral	0.183	0.001	0.002	0.003	0.050	0.001	0.760
neutral	0.145	0.002	0.004	0.008	0.059	0.003	0.778
neutral	0.149	0.002	0.004	0.004	0.057	0.002	0.783
neutral	0.137	0.001	0.005	0.004	0.040	0.003	0.811
neutral	0.188	0.002	0.004	0.007	0.049	0.003	0.747
neutral	0.151	0.001	0.004	0.004	0.050	0.003	0.787
neutral	0.161	0.001	0.003	0.004	0.045	0.002	0.785
neutral	0.106	0.001	0.006	0.004	0.058	0.004	0.821
neutral	0.209	0.003	0.006	0.006	0.086	0.003	0.687
neutral	0.153	0.002	0.004	0.006	0.055	0.002	0.778
neutral	0.196	0.003	0.005	0.007	0.075	0.003	0.712
neutral	0.200	0.002	0.005	0.009	0.080	0.004	0.700
neutral	0.199	0.003	0.005	0.004	0.078	0.002	0.709
neutral	0.206	0.002	0.003	0.004	0.053	0.002	0.729
neutral	0.149	0.001	0.004	0.005	0.044	0.003	0.794
neutral	0.132	0.001	0.003	0.004	0.034	0.002	0.825
neutral	0.218	0.002	0.004	0.005	0.061	0.005	0.704
neutral	0.101	0.001	0.003	0.005	0.039	0.002	0.850
neutral	0.205	0.001	0.004	0.005	0.058	0.003	0.724
neutral	0.169	0.003	0.007	0.011	0.092	0.009	0.708
neutral	0.138	0.006	0.007	0.010	0.103	0.008	0.729
neutral	0.118	0.001	0.005	0.005	0.070	0.005	0.796
neutral	0.165	0.003	0.009	0.010	0.122	0.012	0.679
neutral	0.202	0.003	0.010	0.004	0.149	0.008	0.624
neutral	0.222	0.004	0.010	0.007	0.147	0.010	0.600
neutral	0.172	0.002	0.010	0.005	0.138	0.012	0.663
neutral	0.100	0.000	0.005	0.003	0.079	0.007	0.804
neutral	0.115	0.002	0.005	0.006	0.090	0.004	0.778
neutral	0.128	0.001	0.006	0.006	0.087	0.004	0.769
neutral	0.133	0.001	0.010	0.005	0.105	0.009	0.737
neutral	0.128	0.002	0.007	0.012	0.120	0.009	0.722
neutral	0.181	0.003	0.010	0.011	0.137	0.009	0.649
neutral	0.086	0.001	0.007	0.004	0.095	0.009	0.797
neutral	0.172	0.000	0.003	0.002	0.094	0.002	0.725
neutral	0.111	0.000	0.007	0.003	0.105	0.005	0.769
neutral	0.254	0.000	0.003	0.001	0.148	0.004	0.589
neutral	0.153	0.003	0.007	0.009	0.135	0.008	0.685
neutral	0.137	0.004	0.010	0.004	0.164	0.005	0.676
neutral	0.229	0.003	0.009	0.002	0.097	0.003	0.658
neutral	0.213	0.006	0.007	0.003	0.108	0.005	0.657
neutral	0.190	0.004	0.007	0.003	0.107	0.003	0.686
neutral	0.121	0.002	0.007	0.008	0.090	0.007	0.766
neutral	0.106	0.006	0.006	0.011	0.102	0.006	0.762
neutral	0.118	0.004	0.005	0.008	0.104	0.003	0.758
neutral	0.118	0.006	0.008	0.007	0.121	0.005	0.734
neutral	0.144	0.005	0.007	0.006	0.175	0.007	0.656
neutral	0.139	0.009	0.007	0.007	0.153	0.004	0.680
neutral	0.120	0.004	0.005	0.005	0.127	0.006	0.733
neutral	0.108	0.002	0.005	0.004	0.102	0.004	0.775
neutral	0.121	0.006	0.007	0.008	0.169	0.005	0.684
neutral	0.106	0.001	0.006	0.002	0.126	0.004	0.755
neutral	0.088	0.002	0.005	0.002	0.107	0.004	0.792
neutral	0.080	0.000	0.003	0.002	0.103	0.002	0.810
neutral	0.154	0.005	0.007	0.004	0.201	0.010	0.619
neutral	0.147	0.002	0.009	0.002	0.245	0.008	0.587
neutral	0.081	0.001	0.005	0.002	0.101	0.003	0.807
neutral	0.153	0.005	0.006	0.005	0.180	0.005	0.645
neutral	0.154	0.004	0.007	0.005	0.170	0.005	0.655
neutral	0.158	0.002	0.008	0.003	0.176	0.005	0.648
neutral	0.163	0.010	0.008	0.010	0.243	0.005	0.561
neutral	0.112	0.003	0.006	0.012	0.139	0.006	0.720
neutral	0.194	0.004	0.010	0.006	0.182	0.005	0.599
neutral	0.143	0.001	0.005	0.004	0.114	0.004	0.728
neutral	0.129	0.001	0.003	0.002	0.119	0.002	0.744
neutral	0.154	0.005	0.010	0.004	0.232	0.009	0.586
neutral	0.201	0.001	0.004	0.002	0.132	0.002	0.659
neutral	0.162	0.001	0.008	0.004	0.144	0.005	0.675
neutral	0.133	0.002	0.008	0.003	0.149	0.003	0.702
neutral	0.151	0.000	0.004	0.001	0.157	0.002	0.684
neutral	0.206	0.000	0.003	0.002	0.151	0.002	0.637
neutral	0.269	0.000	0.002	0.002	0.170	0.001	0.556
neutral	0.140	0.000	0.005	0.002	0.132	0.003	0.717
neutral	0.162	0.000	0.003	0.002	0.135	0.002	0.695
neutral	0.176	0.001	0.006	0.002	0.175	0.002	0.639
neutral	0.179	0.001	0.007	0.001	0.196	0.002	0.613
neutral	0.095	0.001	0.008	0.002	0.114	0.007	0.773
neutral	0.087	0.001	0.007	0.002	0.135	0.004	0.765
neutral	0.167	0.004	0.011	0.006	0.122	0.005	0.685
neutral	0.125	0.004	0.008	0.006	0.130	0.005	0.722
neutral	0.131	0.005	0.011	0.005	0.172	0.006	0.670
neutral	0.168	0.011	0.009	0.004	0.207	0.003	0.597
neutral	0.156	0.005	0.007	0.005	0.140	0.006	0.680
neutral	0.135	0.003	0.006	0.006	0.144	0.007	0.698
neutral	0.075	0.000	0.004	0.002	0.096	0.002	0.821
neutral	0.220	0.001	0.005	0.002	0.174	0.001	0.597
neutral	0.253	0.001	0.003	0.002	0.182	0.001	0.559
neutral	0.142	0.003	0.006	0.003	0.146	0.003	0.698
neutral	0.186	0.006	0.009	0.003	0.214	0.004	0.578
neutral	0.206	0.001	0.004	0.001	0.211	0.003	0.573
neutral	0.170	0.001	0.006	0.004	0.132	0.002	0.685
neutral	0.144	0.001	0.005	0.002	0.163	0.003	0.683
neutral	0.160	0.001	0.005	0.001	0.179	0.004	0.650
neutral	0.236	0.001	0.003	0.002	0.155	0.002	0.602
neutral	0.121	0.002	0.006	0.006	0.109	0.004	0.752
neutral	0.147	0.001	0.005	0.004	0.117	0.003	0.722
neutral	0.149	0.004	0.011	0.004	0.187	0.006	0.640
neutral	0.124	0.001	0.006	0.002	0.122	0.005	0.740
neutral	0.274	0.001	0.002	0.002	0.145	0.002	0.573
neutral	0.210	0.001	0.003	0.003	0.084	0.001	0.698
neutral	0.242	0.002	0.004	0.002	0.117	0.001	0.631
neutral	0.278	0.001	0.002	0.003	0.150	0.001	0.564
neutral	0.097	0.001	0.005	0.006	0.076	0.004	0.812
neutral	0.103	0.000	0.006	0.003	0.092	0.003	0.793
neutral	0.312	0.002	0.002	0.002	0.119	0.001	0.562
neutral	0.080	0.001	0.007	0.004	0.083	0.005	0.821
neutral	0.234	0.003	0.005	0.002	0.144	0.001	0.612
neutral	0.271	0.002	0.003	0.001	0.158	0.001	0.563
neutral	0.171	0.001	0.007	0.002	0.118	0.002	0.699
neutral	0.189	0.001	0.006	0.002	0.107	0.003	0.693
neutral	0.204	0.001	0.005	0.002	0.109	0.002	0.676
neutral	0.082	0.001	0.005	0.008	0.058	0.006	0.841
neutral	0.095	0.001	0.004	0.005	0.069	0.004	0.823
neutral	0.081	0.002	0.005	0.008	0.051	0.011	0.843
neutral	0.090	0.001	0.006	0.006	0.077	0.006	0.814
neutral	0.075	0.001	0.005	0.007	0.068	0.004	0.840
neutral	0.125	0.001	0.007	0.004	0.113	0.003	0.747
neutral	0.086	0.001	0.006	0.004	0.084	0.005	0.815
neutral	0.101	0.001	0.007	0.005	0.082	0.006	0.798
neutral	0.116	0.004	0.009	0.006	0.112	0.005	0.747
neutral	0.100	0.001	0.006	0.004	0.094	0.004	0.793
neutral	0.100	0.001	0.007	0.007	0.090	0.004	0.791
neutral	0.107	0.002	0.007	0.007	0.089	0.005	0.784
neutral	0.117	0.001	0.008	0.003	0.109	0.004	0.758
neutral	0.094	0.001	0.008	0.005	0.082	0.006	0.805
neutral	0.194	0.001	0.011	0.003	0.187	0.004	0.601
neutral	0.118	0.003	0.004	0.008	0.092	0.002	0.773
neutral	0.115	0.004	0.005	0.009	0.091	0.003	0.773
neutral	0.083	0.001	0.004	0.009	0.060	0.003	0.839
neutral	0.087	0.000	0.004	0.005	0.056	0.002	0.846
neutral	0.268	0.001	0.004	0.002	0.088	0.001	0.635
neutral	0.156	0.001	0.005	0.005	0.074	0.002	0.758
neutral	0.081	0.001	0.005	0.010	0.061	0.004	0.839
neutral	0.153	0.001	0.006	0.007	0.075	0.004	0.755
neutral	0.087	0.000	0.004	0.008	0.053	0.003	0.844
neutral	0.087	0.001	0.005	0.010	0.076	0.007	0.814
neutral	0.123	0.002	0.006	0.003	0.172	0.003	0.691
neutral	0.093	0.002	0.006	0.005	0.117	0.004	0.772
neutral	0.091	0.002	0.009	0.003	0.157	0.004	0.735
neutral	0.105	0.001	0.004	0.002	0.116	0.002	0.771
neutral	0.118	0.003	0.006	0.003	0.176	0.003	0.693
neutral	0.098	0.002	0.006	0.003	0.106	0.003	0.782
neutral	0.094	0.002	0.006	0.007	0.080	0.005	0.806
neutral	0.080	0.001	0.008	0.003	0.113	0.004	0.791
neutral	0.104	0.001	0.007	0.005	0.069	0.010	0.805
neutral	0.095	0.001	0.004	0.006	0.057	0.006	0.831
neutral	0.095	0.001	0.006	0.007	0.058	0.007	0.827
neutral	0.127	0.025	0.010	0.005	0.166	0.001	0.666
neutral	0.133	0.008	0.012	0.004	0.144	0.002	0.697
neutral	0.077	0.000	0.004	0.003	0.070	0.006	0.839
neutral	0.162	0.001	0.003	0.003	0.068	0.004	0.760
neutral	0.105	0.001	0.005	0.005	0.075	0.006	0.802
neutral	0.100	0.000	0.004	0.003	0.051	0.004	0.839
neutral	0.240	0.001	0.003	0.002	0.094	0.001	0.660
neutral	0.173	0.000	0.004	0.002	0.077	0.003	0.741
neutral	0.138	0.001	0.007	0.003	0.106	0.004	0.741
neutral	0.137	0.002	0.006	0.005	0.114	0.007	0.729
neutral	0.086	0.001	0.007	0.004	0.093	0.004	0.805
neutral	0.158	0.002	0.007	0.006	0.117	0.007	0.702
neutral	0.086	0.001	0.006	0.005	0.088	0.007	0.807
neutral	0.093	0.001	0.006	0.004	0.119	0.003	0.774
neutral	0.109	0.002	0.007	0.006	0.130	0.005	0.741
neutral	0.138	0.003	0.013	0.004	0.286	0.005	0.552
neutral	0.131	0.000	0.004	0.002	0.085	0.003	0.775
neutral	0.060	0.000	0.005	0.005	0.071	0.006	0.854
neutral	0.081	0.001	0.004	0.004	0.074	0.002	0.834
neutral	0.072	0.000	0.003	0.007	0.056	0.004	0.859
neutral	0.067	0.001	0.006	0.005	0.099	0.005	0.818
neutral	0.066	0.001	0.005	0.011	0.059	0.011	0.847
neutral	0.080	0.001	0.005	0.014	0.052	0.011	0.837
neutral	0.080	0.001	0.004	0.006	0.052	0.008	0.849
neutral	0.100	0.001	0.006	0.008	0.087	0.009	0.790
neutral	0.084	0.001	0.003	0.009	0.070	0.003	0.829
neutral	0.063	0.001	0.003	0.012	0.054	0.002	0.864
neutral	0.091	0.001	0.004	0.010	0.053	0.006	0.836
neutral	0.075	0.000	0.004	0.008	0.061	0.005	0.847
neutral	0.106	0.001	0.004	0.006	0.058	0.004	0.821
neutral	0.164	0.000	0.003	0.002	0.063	0.002	0.766
neutral	0.101	0.001	0.004	0.006	0.051	0.003	0.835
neutral	0.112	0.000	0.004	0.003	0.064	0.003	0.814
neutral	0.162	0.001	0.004	0.004	0.072	0.002	0.755
neutral	0.126	0.000	0.004	0.003	0.058	0.002	0.806
neutral	0.077	0.005	0.012	0.003	0.227	0.001	0.676
neutral	0.270	0.002	0.004	0.001	0.157	0.001	0.565
neutral	0.084	0.001	0.004	0.004	0.092	0.002	0.814
neutral	0.178	0.001	0.004	0.002	0.080	0.003	0.733
neutral	0.276	0.002	0.003	0.002	0.112	0.002	0.604
neutral	0.061	0.000	0.005	0.004	0.052	0.005	0.874
neutral	0.253	0.001	0.002	0.002	0.102	0.001	0.639
neutral	0.102	0.000	0.004	0.005	0.073	0.004	0.811
neutral	0.076	0.000	0.004	0.004	0.053	0.005	0.857
neutral	0.070	0.000	0.004	0.004	0.057	0.006	0.858
neutral	0.128	0.001	0.006	0.005	0.114	0.010	0.736
neutral	0.088	0.000	0.004	0.007	0.069	0.007	0.825
neutral	0.097	0.000	0.005	0.004	0.083	0.004	0.807
neutral	0.088	0.000	0.004	0.006	0.062	0.004	0.835
neutral	0.081	0.001	0.004	0.014	0.058	0.008	0.834
neutral	0.054	0.000	0.004	0.005	0.046	0.004	0.887
neutral	0.086	0.000	0.004	0.006	0.059	0.003	0.843
neutral	0.146	0.000	0.004	0.002	0.077	0.002	0.770
neutral	0.071	0.001	0.006	0.006	0.098	0.005	0.813
neutral	0.073	0.001	0.004	0.003	0.081	0.003	0.834
neutral	0.160	0.000	0.005	0.001	0.136	0.002	0.695
neutral	0.074	0.001	0.006	0.004	0.105	0.006	0.804
neutral	0.121	0.002	0.005	0.009	0.098	0.005	0.760
neutral	0.083	0.001	0.006	0.004	0.108	0.005	0.794
neutral	0.102	0.002	0.006	0.008	0.093	0.006	0.784
neutral	0.096	0.001	0.006	0.005	0.121	0.007	0.764
neutral	0.134	0.001	0.009	0.002	0.124	0.004	0.726
neutral	0.094	0.001	0.006	0.005	0.103	0.003	0.788
neutral	0.245	0.000	0.003	0.001	0.111	0.002	0.638
neutral	0.100	0.001	0.006	0.006	0.109	0.004	0.774
neutral	0.177	0.001	0.005	0.002	0.139	0.002	0.673
neutral	0.190	0.000	0.004	0.001	0.080	0.002	0.722
neutral	0.098	0.002	0.009	0.006	0.141	0.005	0.740
neutral	0.163	0.002	0.011	0.003	0.187	0.004	0.628
neutral	0.181	0.001	0.005	0.001	0.125	0.002	0.684
neutral	0.191	0.001	0.005	0.001	0.097	0.003	0.702
neutral	0.174	0.001	0.008	0.001	0.158	0.003	0.655
neutral	0.081	0.002	0.009	0.008	0.128	0.005	0.768
neutral	0.109	0.000	0.005	0.002	0.083	0.004	0.798
neutral	0.090	0.002	0.005	0.006	0.081	0.003	0.813
neutral	0.078	0.001	0.005	0.007	0.068	0.005	0.835
neutral	0.098	0.001	0.005	0.011	0.067	0.006	0.812
neutral	0.097	0.000	0.004	0.011	0.064	0.007	0.817
neutral	0.147	0.000	0.004	0.009	0.079	0.007	0.753
neutral	0.157	0.001	0.004	0.007	0.056	0.004	0.772
neutral	0.124	0.001	0.004	0.013	0.059	0.009	0.790
neutral	0.120	0.001	0.005	0.006	0.075	0.004	0.790
neutral	0.143	0.001	0.007	0.005	0.160	0.010	0.674
neutral	0.124	0.001	0.004	0.006	0.088	0.004	0.774
neutral	0.124	0.000	0.003	0.025	0.050	0.005	0.792
neutral	0.115	0.000	0.004	0.009	0.069	0.004	0.798
neutral	0.106	0.000	0.004	0.011	0.044	0.004	0.830
neutral	0.153	0.000	0.006	0.004	0.090	0.004	0.742
neutral	0.110	0.000	0.004	0.005	0.057	0.005	0.818
neutral	0.086	0.000	0.005	0.005	0.058	0.004	0.843
neutral	0.136	0.000	0.005	0.003	0.086	0.004	0.766
neutral	0.187	0.000	0.004	0.002	0.098	0.003	0.706
neutral	0.078	0.001	0.005	0.004	0.066	0.003	0.843
neutral	0.101	0.000	0.004	0.003	0.060	0.003	0.830
neutral	0.120	0.000	0.006	0.003	0.082	0.004	0.785
neutral	0.097	0.000	0.005	0.002	0.074	0.003	0.818
neutral	0.100	0.001	0.006	0.003	0.097	0.004	0.789
neutral	0.223	0.000	0.002	0.002	0.088	0.003	0.681
neutral	0.278	0.000	0.002	0.002	0.100	0.003	0.614
neutral	0.212	0.000	0.004	0.001	0.096	0.002	0.685
neutral	0.182	0.000	0.004	0.002	0.086	0.003	0.723
neutral	0.143	0.005	0.009	0.003	0.218	0.003	0.619
neutral	0.265	0.001	0.004	0.001	0.191	0.002	0.536
neutral	0.156	0.002	0.006	0.002	0.173	0.002	0.658
neutral	0.107	0.001	0.004	0.003	0.061	0.002	0.822
neutral	0.065	0.001	0.005	0.007	0.060	0.006	0.856
neutral	0.168	0.000	0.002	0.002	0.049	0.002	0.776
neutral	0.099	0.000	0.003	0.008	0.038	0.003	0.848
neutral	0.099	0.000	0.003	0.008	0.037	0.003	0.850
neutral	0.101	0.000	0.004	0.007	0.046	0.005	0.836
neutral	0.095	0.000	0.004	0.008	0.052	0.006	0.836
neutral	0.094	0.000	0.003	0.006	0.043	0.003	0.851
neutral	0.082	0.000	0.003	0.004	0.041	0.003	0.867
neutral	0.137	0.001	0.004	0.010	0.096	0.007	0.745
neutral	0.083	0.001	0.005	0.006	0.050	0.009	0.846
neutral	0.122	0.001	0.004	0.006	0.041	0.008	0.817
neutral	0.101	0.002	0.007	0.005	0.084	0.009	0.792
neutral	0.183	0.003	0.006	0.009	0.079	0.007	0.712
neutral	0.128	0.002	0.005	0.005	0.046	0.004	0.810
neutral	0.099	0.002	0.006	0.008	0.089	0.009	0.788
neutral	0.074	0.000	0.007	0.006	0.100	0.008	0.806
neutral	0.165	0.001	0.003	0.002	0.092	0.001	0.736
neutral	0.106	0.000	0.003	0.003	0.062	0.004	0.822
neutral	0.093	0.001	0.005	0.004	0.105	0.004	0.788
neutral	0.096	0.001	0.006	0.003	0.122	0.006	0.767
neutral	0.083	0.000	0.003	0.008	0.037	0.004	0.864
neutral	0.077	0.000	0.004	0.009	0.043	0.005	0.862
neutral	0.079	0.001	0.006	0.005	0.101	0.007	0.801
neutral	0.116	0.001	0.004	0.007	0.062	0.008	0.801
neutral	0.085	0.001	0.005	0.010	0.086	0.013	0.800
neutral	0.057	0.000	0.005	0.012	0.042	0.009	0.876
neutral	0.101	0.001	0.005	0.017	0.065	0.011	0.801
neutral	0.084	0.001	0.005	0.006	0.085	0.006	0.812
neutral	0.143	0.005	0.006	0.013	0.104	0.010	0.720
neutral	0.117	0.002	0.006	0.004	0.109	0.004	0.758
neutral	0.076	0.001	0.007	0.006	0.124	0.009	0.778
neutral	0.072	0.001	0.006	0.008	0.093	0.009	0.811
neutral	0.091	0.001	0.005	0.006	0.106	0.009	0.782
neutral	0.096	0.001	0.006	0.004	0.124	0.004	0.766
neutral	0.069	0.000	0.004	0.004	0.064	0.005	0.854
neutral	0.085	0.000	0.003	0.002	0.067	0.003	0.839
neutral	0.054	0.000	0.005	0.003	0.094	0.004	0.839
neutral	0.070	0.001	0.005	0.005	0.079	0.007	0.834
neutral	0.100	0.001	0.005	0.003	0.064	0.005	0.822
neutral	0.118	0.002	0.007	0.005	0.071	0.006	0.791
neutral	0.082	0.001	0.004	0.005	0.092	0.006	0.810
neutral	0.071	0.000	0.005	0.003	0.076	0.005	0.840
neutral	0.118	0.003	0.007	0.007	0.168	0.010	0.687
neutral	0.094	0.001	0.004	0.002	0.117	0.004	0.780
neutral	0.077	0.001	0.004	0.004	0.077	0.004	0.833
neutral	0.115	0.003	0.007	0.008	0.158	0.009	0.700
neutral	0.083	0.002	0.004	0.006	0.083	0.004	0.818
neutral	0.080	0.001	0.004	0.004	0.063	0.004	0.844
neutral	0.115	0.004	0.008	0.013	0.107	0.013	0.741
neutral	0.061	0.001	0.005	0.008	0.094	0.005	0.826
neutral	0.098	0.000	0.004	0.001	0.116	0.004	0.776
neutral	0.079	0.000	0.004	0.003	0.090	0.003	0.821
neutral	0.121	0.002	0.007	0.008	0.080	0.009	0.772
neutral	0.097	0.001	0.006	0.005	0.088	0.004	0.799
neutral	0.082	0.000	0.005	0.004	0.094	0.006	0.807
neutral	0.073	0.000	0.006	0.002	0.097	0.004	0.817
neutral	0.076	0.001	0.006	0.006	0.109	0.004	0.797
neutral	0.077	0.003	0.006	0.010	0.098	0.006	0.801
neutral	0.094	0.001	0.005	0.005	0.111	0.004	0.781
neutral	0.071	0.003	0.007	0.008	0.119	0.006	0.787
neutral	0.085	0.001	0.005	0.007	0.073	0.005	0.824
neutral	0.111	0.003	0.009	0.008	0.103	0.010	0.756
neutral	0.094	0.003	0.006	0.005	0.109	0.004	0.779
neutral	0.084	0.002	0.009	0.005	0.178	0.007	0.716
neutral	0.104	0.003	0.010	0.007	0.222	0.010	0.644
neutral	0.072	0.001	0.004	0.002	0.084	0.002	0.834
neutral	0.083	0.003	0.009	0.011	0.167	0.010	0.717
neutral	0.149	0.002	0.012	0.004	0.221	0.007	0.606
neutral	0.056	0.001	0.006	0.005	0.115	0.009	0.808
neutral	0.124	0.000	0.002	0.002	0.095	0.001	0.776
neutral	0.149	0.000	0.003	0.002	0.112	0.001	0.733
neutral	0.116	0.000	0.003	0.002	0.098	0.004	0.776
neutral	0.130	0.000	0.004	0.002	0.106	0.005	0.754
neutral	0.134	0.001	0.003	0.002	0.092	0.003	0.765
neutral	0.062	0.000	0.006	0.003	0.099	0.014	0.815
neutral	0.188	0.000	0.003	0.001	0.166	0.002	0.639
neutral	0.089	0.000	0.003	0.002	0.104	0.003	0.799
neutral	0.187	0.000	0.004	0.001	0.174	0.002	0.631
neutral	0.214	0.000	0.003	0.002	0.155	0.002	0.625
neutral	0.175	0.001	0.009	0.002	0.227	0.008	0.577
neutral	0.127	0.000	0.011	0.005	0.125	0.015	0.717
neutral	0.081	0.000	0.005	0.011	0.093	0.006	0.803
neutral	0.091	0.001	0.006	0.008	0.098	0.006	0.790
neutral	0.070	0.000	0.006	0.007	0.059	0.004	0.855
neutral	0.117	0.001	0.008	0.013	0.192	0.011	0.657
neutral	0.141	0.000	0.007	0.002	0.145	0.009	0.695
neutral	0.145	0.002	0.009	0.005	0.200	0.011	0.628
neutral	0.133	0.000	0.005	0.004	0.072	0.006	0.779
neutral	0.160	0.000	0.003	0.002	0.091	0.002	0.741
neutral	0.128	0.000	0.004	0.002	0.087	0.006	0.772
neutral	0.137	0.001	0.007	0.006	0.233	0.010	0.605
neutral	0.096	0.000	0.005	0.003	0.103	0.006	0.786
neutral	0.130	0.001	0.008	0.006	0.187	0.008	0.660
neutral	0.098	0.000	0.004	0.007	0.100	0.006	0.784
neutral	0.061	0.000	0.005	0.008	0.070	0.004	0.852
neutral	0.157	0.000	0.008	0.004	0.172	0.007	0.652
neutral	0.099	0.001	0.008	0.004	0.210	0.011	0.667
neutral	0.107	0.000	0.006	0.005	0.192	0.007	0.683
neutral	0.094	0.000	0.008	0.003	0.158	0.004	0.733
neutral	0.113	0.001	0.007	0.008	0.197	0.009	0.664
neutral	0.087	0.000	0.004	0.008	0.098	0.004	0.799
neutral	0.104	0.000	0.005	0.006	0.111	0.005	0.769
neutral	0.198	0.000	0.007	0.002	0.174	0.004	0.615
neutral	0.201	0.000	0.006	0.002	0.143	0.006	0.642
neutral	0.111	0.000	0.004	0.004	0.133	0.004	0.744
neutral	0.095	0.000	0.004	0.004	0.132	0.004	0.761
neutral	0.099	0.000	0.006	0.004	0.141	0.005	0.746
neutral	0.208	0.000	0.006	0.003	0.128	0.006	0.649
neutral	0.120	0.000	0.005	0.004	0.179	0.005	0.686
neutral	0.129	0.000	0.006	0.004	0.165	0.008	0.687
neutral	0.201	0.000	0.007	0.002	0.189	0.004	0.597
neutral	0.127	0.000	0.005	0.005	0.148	0.009	0.706
neutral	0.096	0.000	0.004	0.010	0.101	0.006	0.784
neutral	0.080	0.000	0.005	0.007	0.086	0.005	0.818
neutral	0.164	0.002	0.008	0.006	0.193	0.012	0.615
neutral	0.059	0.001	0.006	0.009	0.082	0.009	0.835
neutral	0.110	0.001	0.007	0.011	0.109	0.013	0.749
neutral	0.152	0.002	0.005	0.012	0.143	0.011	0.675
neutral	0.089	0.002	0.008	0.014	0.119	0.014	0.753
neutral	0.124	0.002	0.010	0.007	0.171	0.012	0.674
neutral	0.093	0.000	0.004	0.002	0.092	0.004	0.805
neutral	0.121	0.001	0.005	0.015	0.114	0.008	0.737
neutral	0.073	0.001	0.004	0.019	0.083	0.009	0.810
neutral	0.110	0.002	0.008	0.016	0.101	0.011	0.751
neutral	0.093	0.000	0.005	0.004	0.102	0.007	0.789
neutral	0.105	0.000	0.006	0.002	0.094	0.005	0.788
neutral	0.111	0.000	0.005	0.002	0.068	0.005	0.809
neutral	0.148	0.000	0.004	0.002	0.114	0.005	0.728
neutral	0.092	0.001	0.006	0.007	0.119	0.009	0.767
neutral	0.127	0.003	0.007	0.013	0.131	0.011	0.708
neutral	0.130	0.006	0.008	0.008	0.106	0.006	0.737
neutral	0.213	0.004	0.006	0.005	0.165	0.003	0.604
neutral	0.156	0.007	0.007	0.010	0.124	0.005	0.692
neutral	0.149	0.001	0.005	0.006	0.058	0.005	0.778
neutral	0.150	0.003	0.009	0.007	0.137	0.008	0.686
neutral	0.113	0.001	0.005	0.005	0.114	0.005	0.755
neutral	0.142	0.002	0.005	0.019	0.093	0.008	0.731
neutral	0.172	0.003	0.009	0.015	0.144	0.009	0.647
neutral	0.193	0.005	0.007	0.013	0.088	0.009	0.685
neutral	0.174	0.007	0.010	0.014	0.172	0.008	0.615
neutral	0.173	0.004	0.009	0.017	0.146	0.012	0.640
neutral	0.098	0.002	0.006	0.005	0.147	0.006	0.735
neutral	0.182	0.003	0.007	0.010	0.101	0.009	0.687
neutral	0.110	0.000	0.004	0.001	0.136	0.003	0.745
neutral	0.128	0.001	0.007	0.008	0.091	0.008	0.757
neutral	0.079	0.001	0.008	0.002	0.138	0.007	0.765
neutral	0.083	0.001	0.006	0.004	0.065	0.007	0.833
neutral	0.108	0.001	0.006	0.007	0.092	0.007	0.780
neutral	0.167	0.001	0.004	0.002	0.161	0.003	0.662
neutral	0.152	0.000	0.005	0.002	0.097	0.009	0.735
neutral	0.098	0.000	0.005	0.002	0.105	0.006	0.785
neutral	0.161	0.000	0.002	0.001	0.109	0.002	0.724
neutral	0.167	0.000	0.004	0.002	0.110	0.002	0.716
neutral	0.128	0.001	0.009	0.004	0.261	0.009	0.588
neutral	0.173	0.002	0.012	0.006	0.182	0.007	0.617
neutral	0.087	0.001	0.006	0.004	0.086	0.007	0.809
neutral	0.097	0.001	0.008	0.002	0.125	0.003	0.765
neutral	0.221	0.002	0.003	0.002	0.141	0.001	0.631
neutral	0.167	0.001	0.007	0.003	0.168	0.002	0.652
neutral	0.140	0.011	0.008	0.004	0.329	0.000	0.508
neutral	0.092	0.004	0.004	0.004	0.105	0.001	0.791
neutral	0.069	0.001	0.002	0.014	0.051	0.001	0.861
neutral	0.053	0.001	0.003	0.044	0.024	0.008	0.866
neutral	0.064	0.001	0.003	0.088	0.023	0.004	0.816
neutral	0.059	0.001	0.003	0.061	0.017	0.009	0.849
neutral	0.031	0.001	0.002	0.145	0.007	0.007	0.807
neutral	0.059	0.002	0.003	0.181	0.014	0.007	0.736
neutral	0.042	0.000	0.003	0.079	0.014	0.007	0.855
neutral	0.048	0.001	0.003	0.103	0.015	0.006	0.824
neutral	0.043	0.001	0.003	0.234	0.010	0.006	0.703
neutral	0.045	0.000	0.002	0.161	0.014	0.005	0.773
neutral	0.052	0.001	0.003	0.205	0.019	0.006	0.714
neutral	0.095	0.022	0.018	0.043	0.191	0.001	0.630
neutral	0.095	0.010	0.008	0.013	0.100	0.001	0.774
neutral	0.135	0.001	0.003	0.009	0.111	0.001	0.740
neutral	0.171	0.002	0.003	0.001	0.159	0.000	0.662
neutral	0.174	0.001	0.004	0.001	0.160	0.001	0.658
neutral	0.306	0.013	0.006	0.002	0.235	0.001	0.437
neutral	0.170	0.011	0.008	0.002	0.246	0.002	0.562
neutral	0.159	0.011	0.007	0.003	0.241	0.002	0.575
neutral	0.155	0.005	0.022	0.002	0.260	0.001	0.556
neutral	0.055	0.000	0.005	0.001	0.102	0.001	0.834
neutral	0.048	0.000	0.003	0.003	0.052	0.001	0.893
neutral	0.053	0.001	0.003	0.008	0.067	0.003	0.864
neutral	0.119	0.000	0.003	0.013	0.046	0.002	0.817
neutral	0.201	0.001	0.009	0.009	0.162	0.003	0.616
neutral	0.127	0.001	0.005	0.038	0.099	0.006	0.723
neutral	0.074	0.001	0.004	0.018	0.055	0.003	0.846
neutral	0.099	0.000	0.005	0.009	0.079	0.002	0.807
neutral	0.070	0.000	0.005	0.011	0.081	0.003	0.831
neutral	0.149	0.001	0.008	0.009	0.116	0.003	0.715
neutral	0.195	0.000	0.005	0.007	0.136	0.001	0.655
neutral	0.244	0.000	0.007	0.007	0.190	0.001	0.551
neutral	0.119	0.000	0.005	0.006	0.110	0.003	0.756
neutral	0.129	0.000	0.002	0.004	0.068	0.001	0.795
neutral	0.133	0.000	0.001	0.007	0.058	0.001	0.800
neutral	0.173	0.000	0.002	0.004	0.102	0.001	0.717
neutral	0.090	0.000	0.003	0.006	0.058	0.005	0.838
neutral	0.154	0.000	0.003	0.003	0.089	0.002	0.749
neutral	0.120	0.000	0.002	0.004	0.040	0.002	0.832
neutral	0.159	0.000	0.007	0.003	0.167	0.005	0.659
neutral	0.159	0.000	0.006	0.004	0.124	0.008	0.700
neutral	0.168	0.000	0.003	0.005	0.055	0.002	0.767
neutral	0.125	0.000	0.003	0.006	0.053	0.004	0.808
neutral	0.158	0.000	0.003	0.005	0.052	0.002	0.781
neutral	0.235	0.001	0.005	0.003	0.112	0.001	0.643
neutral	0.209	0.001	0.003	0.007	0.065	0.002	0.714
neutral	0.198	0.000	0.006	0.003	0.133	0.003	0.658
neutral	0.108	0.000	0.002	0.004	0.057	0.001	0.827
neutral	0.113	0.000	0.003	0.003	0.061	0.002	0.817
neutral	0.189	0.000	0.008	0.003	0.156	0.004	0.640
neutral	0.158	0.000	0.007	0.004	0.099	0.004	0.728
neutral	0.170	0.000	0.005	0.004	0.063	0.003	0.754
neutral	0.155	0.000	0.006	0.005	0.102	0.004	0.729
neutral	0.171	0.002	0.009	0.006	0.146	0.004	0.663
neutral	0.145	0.000	0.009	0.002	0.090	0.004	0.750
neutral	0.194	0.000	0.002	0.003	0.092	0.001	0.707
neutral	0.136	0.000	0.006	0.009	0.091	0.005	0.753
neutral	0.097	0.000	0.004	0.003	0.045	0.003	0.847
neutral	0.134	0.000	0.007	0.009	0.102	0.008	0.739
neutral	0.135	0.000	0.004	0.003	0.059	0.003	0.796
neutral	0.120	0.000	0.004	0.006	0.044	0.003	0.825
neutral	0.118	0.000	0.005	0.005	0.059	0.005	0.808
neutral	0.146	0.000	0.007	0.005	0.094	0.008	0.740
neutral	0.131	0.000	0.005	0.004	0.070	0.006	0.783
neutral	0.141	0.000	0.004	0.005	0.067	0.005	0.778
neutral	0.159	0.000	0.004	0.004	0.065	0.005	0.762
neutral	0.121	0.000	0.004	0.006	0.059	0.004	0.806
neutral	0.073	0.000	0.005	0.004	0.050	0.006	0.862
neutral	0.121	0.000	0.007	0.001	0.144	0.005	0.722
neutral	0.100	0.000	0.005	0.004	0.062	0.006	0.824
neutral	0.128	0.000	0.006	0.003	0.196	0.009	0.657
neutral	0.138	0.000	0.007	0.004	0.124	0.009	0.719
neutral	0.117	0.000	0.005	0.003	0.096	0.009	0.770
neutral	0.119	0.000	0.008	0.008	0.114	0.012	0.739
neutral	0.082	0.000	0.004	0.003	0.052	0.004	0.855
neutral	0.145	0.000	0.003	0.003	0.062	0.002	0.785
neutral	0.131	0.000	0.004	0.002	0.064	0.005	0.795
neutral	0.117	0.000	0.004	0.004	0.054	0.004	0.816
neutral	0.121	0.000	0.005	0.005	0.077	0.005	0.787
neutral	0.119	0.000	0.004	0.009	0.047	0.003	0.817
neutral	0.106	0.000	0.004	0.008	0.061	0.004	0.817
neutral	0.149	0.001	0.008	0.007	0.122	0.006	0.709
neutral	0.131	0.001	0.005	0.005	0.061	0.003	0.793
neutral	0.165	0.001	0.006	0.007	0.084	0.003	0.733
neutral	0.201	0.000	0.005	0.008	0.057	0.003	0.725
neutral	0.140	0.000	0.004	0.003	0.066	0.002	0.785
neutral	0.139	0.000	0.004	0.005	0.062	0.003	0.787
neutral	0.161	0.000	0.006	0.004	0.093	0.006	0.729
neutral	0.137	0.000	0.006	0.003	0.085	0.006	0.763
neutral	0.137	0.001	0.008	0.007	0.119	0.010	0.718
neutral	0.068	0.000	0.004	0.008	0.037	0.008	0.874
neutral	0.092	0.001	0.007	0.005	0.068	0.008	0.820
neutral	0.138	0.000	0.003	0.004	0.076	0.003	0.775
neutral	0.124	0.002	0.008	0.008	0.116	0.009	0.733
neutral	0.068	0.000	0.004	0.005	0.047	0.004	0.872
neutral	0.089	0.000	0.004	0.003	0.057	0.004	0.842
neutral	0.080	0.000	0.004	0.003	0.054	0.003	0.857
neutral	0.068	0.000	0.006	0.003	0.047	0.006	0.870
neutral	0.070	0.000	0.004	0.002	0.050	0.004	0.870
neutral	0.099	0.001	0.008	0.008	0.065	0.007	0.812
neutral	0.081	0.000	0.005	0.002	0.076	0.004	0.832
neutral	0.109	0.001	0.006	0.005	0.077	0.006	0.796
neutral	0.089	0.001	0.005	0.008	0.060	0.005	0.832
neutral	0.105	0.001	0.005	0.005	0.076	0.003	0.806
neutral	0.102	0.000	0.005	0.004	0.066	0.005	0.818
neutral	0.106	0.001	0.004	0.002	0.087	0.002	0.799
neutral	0.132	0.001	0.011	0.002	0.152	0.006	0.696
neutral	0.101	0.000	0.005	0.001	0.109	0.002	0.780
neutral	0.091	0.001	0.005	0.004	0.078	0.006	0.816
neutral	0.119	0.002	0.008	0.006	0.142	0.006	0.717
neutral	0.120	0.001	0.007	0.008	0.080	0.005	0.779
neutral	0.117	0.002	0.007	0.008	0.086	0.004	0.776
neutral	0.089	0.005	0.009	0.005	0.109	0.004	0.780
neutral	0.116	0.003	0.010	0.007	0.117	0.008	0.740
neutral	0.062	0.001	0.007	0.003	0.071	0.006	0.851
neutral	0.082	0.000	0.008	0.002	0.097	0.004	0.806
neutral	0.106	0.001	0.007	0.005	0.124	0.011	0.746
neutral	0.072	0.000	0.006	0.003	0.060	0.007	0.851
neutral	0.084	0.000	0.007	0.003	0.086	0.010	0.810
neutral	0.091	0.000	0.006	0.005	0.080	0.016	0.803
neutral	0.096	0.002	0.009	0.006	0.111	0.003	0.773
neutral	0.140	0.001	0.007	0.005	0.066	0.003	0.778
neutral	0.130	0.004	0.009	0.006	0.177	0.006	0.668
neutral	0.097	0.000	0.004	0.002	0.087	0.002	0.808
neutral	0.107	0.000	0.004	0.001	0.099	0.002	0.787
neutral	0.157	0.000	0.003	0.002	0.112	0.002	0.724
neutral	0.152	0.000	0.003	0.003	0.072	0.002	0.768
neutral	0.052	0.000	0.005	0.003	0.049	0.006	0.885
neutral	0.054	0.000	0.003	0.004	0.033	0.004	0.901
neutral	0.102	0.000	0.010	0.002	0.124	0.007	0.754
neutral	0.080	0.000	0.006	0.003	0.061	0.007	0.844
neutral	0.049	0.000	0.003	0.004	0.032	0.004	0.908
neutral	0.079	0.000	0.004	0.005	0.046	0.007	0.858
neutral	0.085	0.000	0.004	0.003	0.045	0.004	0.859
neutral	0.059	0.000	0.005	0.005	0.041	0.006	0.884
neutral	0.070	0.000	0.003	0.006	0.033	0.003	0.885
neutral	0.085	0.000	0.003	0.003	0.047	0.003	0.858
neutral	0.059	0.000	0.005	0.003	0.052	0.005	0.875
neutral	0.165	0.000	0.004	0.002	0.084	0.004	0.740
neutral	0.075	0.000	0.004	0.004	0.046	0.005	0.867
neutral	0.067	0.000	0.005	0.003	0.051	0.005	0.869
neutral	0.097	0.000	0.006	0.013	0.081	0.009	0.794
neutral	0.077	0.000	0.005	0.012	0.060	0.008	0.839
neutral	0.077	0.001	0.006	0.008	0.119	0.008	0.781
neutral	0.086	0.000	0.004	0.003	0.055	0.003	0.849
neutral	0.088	0.001	0.008	0.008	0.121	0.011	0.762
neutral	0.082	0.000	0.005	0.009	0.045	0.007	0.853
neutral	0.087	0.000	0.003	0.004	0.045	0.002	0.858
neutral	0.070	0.000	0.003	0.004	0.034	0.004	0.884
neutral	0.204	0.000	0.004	0.004	0.090	0.003	0.695
neutral	0.094	0.000	0.002	0.004	0.034	0.002	0.864
neutral	0.071	0.000	0.005	0.004	0.062	0.007	0.851
neutral	0.066	0.000	0.005	0.006	0.059	0.008	0.856
neutral	0.084	0.000	0.004	0.005	0.049	0.005	0.852
neutral	0.070	0.001	0.004	0.011	0.048	0.007	0.858
neutral	0.056	0.000	0.003	0.003	0.032	0.004	0.902
neutral	0.077	0.001	0.005	0.017	0.059	0.013	0.828
neutral	0.069	0.000	0.005	0.006	0.043	0.006	0.872
neutral	0.137	0.000	0.003	0.003	0.073	0.006	0.778
neutral	0.100	0.000	0.002	0.003	0.052	0.003	0.840
neutral	0.075	0.000	0.006	0.007	0.065	0.010	0.837
neutral	0.075	0.000	0.005	0.002	0.062	0.005	0.851
neutral	0.088	0.001	0.009	0.011	0.114	0.019	0.759
neutral	0.056	0.001	0.009	0.011	0.099	0.018	0.807
neutral	0.073	0.000	0.008	0.006	0.080	0.009	0.824
neutral	0.071	0.001	0.009	0.006	0.103	0.013	0.797
neutral	0.058	0.001	0.008	0.006	0.095	0.012	0.820
neutral	0.103	0.002	0.016	0.004	0.217	0.021	0.637
neutral	0.078	0.000	0.012	0.003	0.150	0.008	0.749
neutral	0.209	0.001	0.006	0.001	0.179	0.002	0.603
neutral	0.096	0.001	0.017	0.002	0.218	0.009	0.656
