prediction	angry	disgust	fear	happy	sad	surprise	neutral
neutral	0.105	0.001	0.012	0.093	0.102	0.000	0.687
neutral	0.063	0.002	0.011	0.052	0.085	0.000	0.787
neutral	0.052	0.001	0.011	0.039	0.138	0.001	0.759
neutral	0.043	0.001	0.006	0.037	0.120	0.000	0.793
neutral	0.048	0.001	0.011	0.039	0.150	0.001	0.750
neutral	0.048	0.001	0.007	0.036	0.112	0.000	0.796
neutral	0.060	0.001	0.011	0.034	0.181	0.001	0.713
neutral	0.055	0.001	0.009	0.041	0.138	0.001	0.755
neutral	0.057	0.001	0.010	0.036	0.160	0.000	0.735
neutral	0.069	0.001	0.012	0.047	0.142	0.001	0.727
neutral	0.051	0.001	0.007	0.047	0.107	0.001	0.788
neutral	0.058	0.001	0.010	0.037	0.153	0.001	0.740
neutral	0.069	0.001	0.012	0.036	0.185	0.001	0.696
neutral	0.056	0.001	0.009	0.040	0.152	0.001	0.742
neutral	0.059	0.001	0.010	0.045	0.096	0.000	0.790
neutral	0.056	0.001	0.011	0.052	0.096	0.000	0.783
neutral	0.055	0.001	0.009	0.034	0.155	0.001	0.745
neutral	0.081	0.002	0.012	0.033	0.219	0.001	0.653
neutral	0.056	0.001	0.011	0.039	0.156	0.001	0.737
neutral	0.051	0.003	0.008	0.051	0.085	0.000	0.802
neutral	0.052	0.001	0.012	0.042	0.167	0.001	0.726
neutral	0.061	0.001	0.011	0.039	0.177	0.001	0.710
neutral	0.048	0.001	0.014	0.052	0.127	0.001	0.757
neutral	0.065	0.002	0.013	0.038	0.178	0.001	0.704
neutral	0.072	0.002	0.012	0.048	0.171	0.001	0.695
neutral	0.050	0.002	0.009	0.050	0.088	0.000	0.800
neutral	0.054	0.002	0.010	0.045	0.088	0.000	0.801
neutral	0.041	0.002	0.006	0.034	0.066	0.001	0.849
neutral	0.080	0.003	0.013	0.058	0.205	0.001	0.641
neutral	0.068	0.002	0.030	0.019	0.251	0.001	0.629
neutral	0.086	0.001	0.015	0.052	0.094	0.000	0.752
neutral	0.057	0.001	0.011	0.085	0.070	0.000	0.775
neutral	0.058	0.001	0.011	0.091	0.073	0.000	0.765
neutral	0.054	0.001	0.009	0.078	0.081	0.001	0.777
neutral	0.052	0.002	0.008	0.055	0.093	0.001	0.789
neutral	0.056	0.002	0.008	0.093	0.058	0.001	0.783
neutral	0.051	0.001	0.009	0.156	0.060	0.001	0.722
neutral	0.046	0.001	0.007	0.110	0.074	0.001	0.762
neutral	0.054	0.002	0.007	0.158	0.071	0.001	0.706
neutral	0.046	0.001	0.007	0.163	0.086	0.001	0.695
neutral	0.059	0.001	0.010	0.182	0.093	0.002	0.654
happy	0.018	0.000	0.003	0.651	0.021	0.001	0.307
happy	0.019	0.001	0.002	0.802	0.013	0.001	0.163
happy	0.004	0.000	0.000	0.938	0.002	0.000	0.055
happy	0.002	0.000	0.000	0.946	0.002	0.000	0.049
happy	0.003	0.000	0.000	0.951	0.002	0.000	0.043
happy	0.002	0.000	0.000	0.975	0.001	0.000	0.022
happy	0.001	0.000	0.000	0.963	0.001	0.000	0.035
happy	0.002	0.000	0.000	0.969	0.002	0.000	0.027
happy	0.001	0.000	0.000	0.957	0.001	0.000	0.040
happy	0.001	0.000	0.000	0.964	0.001	0.000	0.034
happy	0.001	0.000	0.000	0.984	0.001	0.000	0.015
happy	0.001	0.000	0.000	0.958	0.001	0.000	0.040
happy	0.001	0.000	0.000	0.971	0.001	0.000	0.028
happy	0.000	0.000	0.000	0.971	0.001	0.000	0.028
happy	0.001	0.000	0.000	0.969	0.002	0.000	0.029
happy	0.000	0.000	0.000	0.997	0.000	0.000	0.002
happy	0.000	0.000	0.000	0.999	0.000	0.000	0.001
happy	0.000	0.000	0.000	0.999	0.000	0.000	0.001
happy	0.000	0.000	0.000	1.000	0.000	0.000	0.000
happy	0.000	0.000	0.000	1.000	0.000	0.000	0.000
happy	0.000	0.000	0.000	1.000	0.000	0.000	0.000
happy	0.000	0.000	0.000	1.000	0.000	0.000	0.000
happy	0.000	0.000	0.000	1.000	0.000	0.000	0.000
happy	0.000	0.000	0.000	1.000	0.000	0.000	0.000
happy	0.000	0.000	0.000	1.000	0.000	0.000	0.000
happy	0.000	0.000	0.000	1.000	0.000	0.000	0.000
happy	0.000	0.000	0.000	1.000	0.000	0.000	0.000
happy	0.000	0.000	0.000	1.000	0.000	0.000	0.000
happy	0.000	0.000	0.000	1.000	0.000	0.000	0.000
happy	0.000	0.000	0.000	1.000	0.000	0.000	0.000
happy	0.000	0.000	0.000	1.000	0.000	0.000	0.000
happy	0.001	0.000	0.000	0.999	0.000	0.000	0.000
happy	0.000	0.000	0.000	1.000	0.000	0.000	0.000
happy	0.000	0.000	0.000	1.000	0.000	0.000	0.000
happy	0.000	0.000	0.000	1.000	0.000	0.000	0.000
happy	0.000	0.000	0.000	1.000	0.000	0.000	0.000
happy	0.000	0.000	0.000	1.000	0.000	0.000	0.000
happy	0.000	0.000	0.000	1.000	0.000	0.000	0.000
happy	0.000	0.000	0.000	1.000	0.000	0.000	0.000
happy	0.000	0.000	0.000	1.000	0.000	0.000	0.000
happy	0.000	0.000	0.000	1.000	0.000	0.000	0.000
happy	0.000	0.000	0.000	1.000	0.000	0.000	0.000
happy	0.000	0.000	0.000	0.999	0.000	0.000	0.000
happy	0.000	0.000	0.000	1.000	0.000	0.000	0.000
happy	0.000	0.000	0.000	0.999	0.000	0.000	0.000
happy	0.001	0.000	0.000	0.998	0.000	0.000	0.000
happy	0.004	0.000	0.000	0.994	0.000	0.000	0.001
happy	0.002	0.000	0.000	0.998	0.000	0.000	0.000
happy	0.001	0.000	0.000	0.998	0.000	0.000	0.000
happy	0.001	0.000	0.000	0.999	0.000	0.000	0.000
happy	0.001	0.000	0.000	0.999	0.000	0.000	0.000
happy	0.001	0.000	0.000	0.998	0.000	0.000	0.000
happy	0.003	0.000	0.000	0.997	0.000	0.000	0.001
happy	0.003	0.000	0.000	0.995	0.000	0.000	0.001
happy	0.004	0.000	0.000	0.994	0.001	0.000	0.001
happy	0.008	0.000	0.000	0.988	0.001	0.000	0.003
happy	0.008	0.000	0.000	0.980	0.001	0.001	0.010
happy	0.015	0.000	0.000	0.982	0.001	0.000	0.002
happy	0.006	0.000	0.000	0.992	0.000	0.000	0.002
happy	0.005	0.000	0.000	0.990	0.001	0.000	0.003
happy	0.051	0.000	0.002	0.936	0.005	0.001	0.005
happy	0.009	0.000	0.000	0.988	0.001	0.000	0.002
happy	0.006	0.000	0.000	0.992	0.000	0.000	0.001
happy	0.002	0.000	0.000	0.997	0.000	0.000	0.001
happy	0.000	0.000	0.000	0.998	0.000	0.000	0.001
happy	0.001	0.000	0.000	0.996	0.000	0.000	0.002
happy	0.004	0.000	0.001	0.992	0.001	0.001	0.002
happy	0.047	0.000	0.011	0.904	0.019	0.006	0.014
happy	0.018	0.001	0.012	0.880	0.029	0.004	0.057
happy	0.018	0.001	0.010	0.863	0.026	0.003	0.078
happy	0.024	0.001	0.015	0.785	0.039	0.003	0.133
happy	0.031	0.000	0.007	0.916	0.015	0.002	0.029
happy	0.029	0.000	0.006	0.887	0.027	0.002	0.048
happy	0.086	0.000	0.008	0.845	0.034	0.002	0.025
happy	0.066	0.001	0.006	0.859	0.024	0.002	0.043
happy	0.082	0.000	0.007	0.859	0.023	0.002	0.028
happy	0.087	0.000	0.007	0.866	0.020	0.002	0.019
happy	0.091	0.000	0.023	0.809	0.057	0.002	0.018
happy	0.029	0.000	0.006	0.940	0.017	0.000	0.007
happy	0.013	0.000	0.001	0.978	0.003	0.000	0.006
happy	0.009	0.000	0.001	0.981	0.001	0.000	0.007
happy	0.012	0.000	0.001	0.977	0.002	0.000	0.008
happy	0.008	0.000	0.000	0.986	0.001	0.000	0.004
happy	0.006	0.000	0.000	0.991	0.000	0.000	0.002
happy	0.012	0.000	0.001	0.982	0.002	0.000	0.003
happy	0.050	0.000	0.010	0.899	0.034	0.001	0.006
happy	0.040	0.000	0.007	0.932	0.016	0.001	0.004
happy	0.024	0.000	0.008	0.941	0.017	0.000	0.009
happy	0.028	0.000	0.007	0.953	0.008	0.000	0.002
happy	0.002	0.000	0.000	0.996	0.000	0.000	0.001
happy	0.003	0.000	0.000	0.996	0.000	0.000	0.001
happy	0.004	0.000	0.000	0.993	0.001	0.000	0.002
happy	0.005	0.000	0.000	0.993	0.001	0.000	0.001
happy	0.002	0.000	0.000	0.995	0.000	0.000	0.003
happy	0.003	0.000	0.000	0.992	0.001	0.000	0.004
happy	0.017	0.000	0.001	0.969	0.003	0.000	0.010
happy	0.010	0.000	0.006	0.960	0.011	0.001	0.013
happy	0.007	0.000	0.001	0.980	0.002	0.000	0.011
happy	0.005	0.000	0.001	0.975	0.002	0.000	0.017
happy	0.056	0.000	0.016	0.846	0.027	0.001	0.054
happy	0.052	0.001	0.011	0.876	0.022	0.000	0.038
happy	0.041	0.000	0.007	0.897	0.014	0.000	0.039
happy	0.057	0.001	0.008	0.874	0.015	0.000	0.044
happy	0.064	0.002	0.017	0.792	0.046	0.001	0.079
happy	0.034	0.000	0.004	0.923	0.010	0.001	0.027
happy	0.107	0.001	0.028	0.768	0.046	0.002	0.050
happy	0.100	0.001	0.029	0.777	0.042	0.003	0.050
happy	0.029	0.000	0.004	0.929	0.009	0.000	0.029
happy	0.023	0.000	0.002	0.935	0.007	0.000	0.032
happy	0.035	0.000	0.004	0.924	0.008	0.000	0.028
happy	0.031	0.001	0.005	0.927	0.011	0.001	0.025
happy	0.024	0.000	0.003	0.944	0.006	0.000	0.023
happy	0.018	0.000	0.004	0.926	0.008	0.000	0.043
happy	0.046	0.001	0.007	0.872	0.013	0.000	0.061
happy	0.053	0.001	0.012	0.831	0.030	0.001	0.073
happy	0.066	0.002	0.012	0.809	0.033	0.001	0.078
happy	0.086	0.001	0.011	0.812	0.027	0.000	0.063
happy	0.141	0.001	0.036	0.600	0.114	0.001	0.109
happy	0.074	0.002	0.011	0.782	0.045	0.001	0.084
happy	0.068	0.000	0.011	0.833	0.023	0.001	0.064
happy	0.061	0.001	0.012	0.829	0.032	0.001	0.064
happy	0.045	0.001	0.013	0.805	0.045	0.000	0.091
happy	0.074	0.001	0.011	0.824	0.032	0.001	0.057
happy	0.046	0.001	0.010	0.846	0.029	0.000	0.067
happy	0.042	0.001	0.007	0.850	0.026	0.000	0.073
happy	0.115	0.001	0.017	0.713	0.053	0.001	0.100
happy	0.056	0.001	0.008	0.862	0.023	0.000	0.049
happy	0.051	0.001	0.010	0.825	0.033	0.001	0.080
happy	0.056	0.001	0.009	0.812	0.035	0.001	0.085
happy	0.053	0.001	0.012	0.819	0.040	0.001	0.074
happy	0.048	0.000	0.006	0.876	0.018	0.001	0.051
happy	0.040	0.000	0.006	0.871	0.022	0.001	0.060
happy	0.050	0.000	0.006	0.866	0.024	0.001	0.052
happy	0.081	0.001	0.011	0.799	0.043	0.001	0.065
happy	0.143	0.000	0.039	0.560	0.119	0.003	0.136
happy	0.031	0.000	0.005	0.876	0.011	0.000	0.076
happy	0.057	0.000	0.005	0.810	0.021	0.001	0.106
happy	0.045	0.000	0.003	0.862	0.010	0.001	0.079
happy	0.034	0.000	0.004	0.857	0.013	0.001	0.091
happy	0.038	0.000	0.003	0.888	0.011	0.001	0.059
happy	0.034	0.000	0.003	0.907	0.009	0.000	0.046
happy	0.009	0.000	0.001	0.959	0.003	0.000	0.027
happy	0.010	0.000	0.001	0.961	0.004	0.000	0.024
happy	0.009	0.000	0.001	0.964	0.003	0.000	0.023
happy	0.008	0.000	0.001	0.973	0.002	0.000	0.015
happy	0.004	0.000	0.000	0.988	0.001	0.000	0.007
happy	0.001	0.000	0.000	0.997	0.000	0.000	0.002
happy	0.000	0.000	0.000	0.999	0.000	0.000	0.001
happy	0.001	0.000	0.000	0.999	0.000	0.000	0.000
happy	0.001	0.000	0.000	0.998	0.000	0.000	0.001
happy	0.000	0.000	0.000	0.999	0.000	0.000	0.000
happy	0.001	0.000	0.000	0.998	0.000	0.000	0.001
happy	0.001	0.000	0.000	0.999	0.000	0.000	0.000
happy	0.001	0.000	0.000	0.999	0.000	0.000	0.000
happy	0.001	0.000	0.000	0.999	0.000	0.000	0.000
happy	0.002	0.000	0.000	0.997	0.000	0.000	0.001
happy	0.003	0.000	0.000	0.995	0.000	0.000	0.002
happy	0.001	0.000	0.000	0.999	0.000	0.000	0.000
happy	0.001	0.000	0.000	0.999	0.000	0.000	0.000
happy	0.001	0.000	0.000	0.999	0.000	0.000	0.000
happy	0.000	0.000	0.000	0.999	0.000	0.000	0.000
happy	0.000	0.000	0.000	0.999	0.000	0.000	0.000
happy	0.000	0.000	0.000	1.000	0.000	0.000	0.000
happy	0.001	0.000	0.000	0.999	0.000	0.000	0.000
happy	0.000	0.000	0.000	1.000	0.000	0.000	0.000
happy	0.000	0.000	0.000	0.999	0.000	0.000	0.000
happy	0.000	0.000	0.000	1.000	0.000	0.000	0.000
happy	0.001	0.000	0.000	0.999	0.000	0.000	0.000
happy	0.001	0.000	0.000	0.999	0.000	0.000	0.000
happy	0.002	0.000	0.000	0.998	0.000	0.000	0.000
happy	0.003	0.000	0.000	0.996	0.000	0.000	0.000
happy	0.002	0.000	0.000	0.998	0.000	0.000	0.000
happy	0.001	0.000	0.000	0.999	0.000	0.000	0.000
happy	0.003	0.000	0.000	0.996	0.000	0.000	0.000
happy	0.003	0.000	0.000	0.996	0.000	0.000	0.000
happy	0.006	0.000	0.000	0.993	0.000	0.000	0.000
happy	0.000	0.000	0.000	0.999	0.000	0.000	0.000
happy	0.000	0.000	0.000	1.000	0.000	0.000	0.000
happy	0.000	0.000	0.000	1.000	0.000	0.000	0.000
happy	0.001	0.000	0.000	0.999	0.000	0.000	0.000
happy	0.001	0.000	0.000	0.999	0.000	0.000	0.000
happy	0.000	0.000	0.000	1.000	0.000	0.000	0.000
happy	0.001	0.000	0.000	0.999	0.000	0.000	0.000
happy	0.000	0.000	0.000	1.000	0.000	0.000	0.000
happy	0.001	0.000	0.000	0.999	0.000	0.000	0.000
happy	0.000	0.000	0.000	1.000	0.000	0.000	0.000
happy	0.000	0.000	0.000	1.000	0.000	0.000	0.000
happy	0.001	0.000	0.000	0.998	0.000	0.000	0.000
happy	0.001	0.000	0.000	0.999	0.000	0.000	0.000
happy	0.000	0.000	0.000	1.000	0.000	0.000	0.000
happy	0.000	0.000	0.000	1.000	0.000	0.000	0.000
happy	0.000	0.000	0.000	1.000	0.000	0.000	0.000
happy	0.005	0.000	0.000	0.995	0.000	0.000	0.000
happy	0.011	0.000	0.001	0.984	0.002	0.001	0.002
happy	0.022	0.002	0.004	0.841	0.032	0.001	0.098
happy	0.030	0.003	0.005	0.510	0.030	0.001	0.421
happy	0.018	0.008	0.003	0.493	0.028	0.001	0.448
happy	0.029	0.012	0.005	0.492	0.029	0.001	0.433
happy	0.039	0.037	0.005	0.536	0.025	0.001	0.357
happy	0.032	0.022	0.003	0.675	0.026	0.001	0.241
happy	0.011	0.002	0.002	0.898	0.017	0.000	0.068
happy	0.015	0.000	0.004	0.916	0.031	0.001	0.033
happy	0.023	0.000	0.004	0.954	0.014	0.000	0.005
happy	0.019	0.000	0.003	0.964	0.010	0.000	0.003
happy	0.008	0.000	0.002	0.984	0.005	0.000	0.002
happy	0.009	0.000	0.003	0.978	0.007	0.000	0.003
happy	0.003	0.000	0.001	0.993	0.002	0.000	0.001
happy	0.011	0.000	0.001	0.983	0.002	0.000	0.002
happy	0.003	0.000	0.000	0.994	0.001	0.000	0.002
happy	0.003	0.000	0.000	0.995	0.001	0.000	0.001
happy	0.012	0.000	0.001	0.981	0.004	0.000	0.002
happy	0.006	0.000	0.000	0.992	0.001	0.000	0.001
happy	0.005	0.000	0.001	0.991	0.002	0.000	0.002
happy	0.005	0.000	0.001	0.992	0.001	0.000	0.001
happy	0.004	0.000	0.000	0.994	0.001	0.000	0.002
happy	0.000	0.000	0.000	0.999	0.000	0.000	0.000
happy	0.000	0.000	0.000	0.999	0.000	0.000	0.000
happy	0.001	0.000	0.000	0.998	0.000	0.000	0.001
happy	0.001	0.000	0.000	0.999	0.000	0.000	0.000
happy	0.000	0.000	0.000	1.000	0.000	0.000	0.000
happy	0.000	0.000	0.000	0.999	0.000	0.000	0.000
happy	0.000	0.000	0.000	1.000	0.000	0.000	0.000
happy	0.000	0.000	0.000	1.000	0.000	0.000	0.000
happy	0.000	0.000	0.000	1.000	0.000	0.000	0.000
happy	0.000	0.000	0.000	1.000	0.000	0.000	0.000
happy	0.000	0.000	0.000	1.000	0.000	0.000	0.000
happy	0.000	0.000	0.000	1.000	0.000	0.000	0.000
happy	0.000	0.000	0.000	1.000	0.000	0.000	0.000
happy	0.000	0.000	0.000	1.000	0.000	0.000	0.000
happy	0.000	0.000	0.000	1.000	0.000	0.000	0.000
happy	0.000	0.000	0.000	1.000	0.000	0.000	0.000
happy	0.000	0.000	0.000	1.000	0.000	0.000	0.000
happy	0.000	0.000	0.000	1.000	0.000	0.000	0.000
happy	0.000	0.000	0.000	1.000	0.000	0.000	0.000
happy	0.000	0.000	0.000	1.000	0.000	0.000	0.000
happy	0.000	0.000	0.000	1.000	0.000	0.000	0.000
happy	0.000	0.000	0.000	1.000	0.000	0.000	0.000
happy	0.000	0.000	0.000	1.000	0.000	0.000	0.000
happy	0.000	0.000	0.000	0.999	0.000	0.000	0.000
happy	0.001	0.000	0.000	0.999	0.000	0.000	0.000
happy	0.000	0.000	0.000	1.000	0.000	0.000	0.000
happy	0.000	0.000	0.000	1.000	0.000	0.000	0.000
happy	0.000	0.000	0.000	1.000	0.000	0.000	0.000
happy	0.000	0.000	0.000	1.000	0.000	0.000	0.000
happy	0.001	0.000	0.000	0.999	0.000	0.000	0.000
happy	0.000	0.000	0.000	0.999	0.000	0.000	0.000
happy	0.001	0.000	0.000	0.999	0.000	0.000	0.000
happy	0.001	0.000	0.000	0.999	0.000	0.000	0.000
happy	0.001	0.000	0.000	0.998	0.000	0.000	0.000
happy	0.000	0.000	0.000	1.000	0.000	0.000	0.000
happy	0.001	0.000	0.000	0.999	0.000	0.000	0.000
happy	0.001	0.000	0.000	0.999	0.000	0.000	0.000
happy	0.000	0.000	0.000	0.999	0.000	0.000	0.000
happy	0.000	0.000	0.000	0.999	0.000	0.000	0.000
happy	0.001	0.000	0.000	0.999	0.000	0.000	0.000
happy	0.001	0.000	0.000	0.999	0.000	0.000	0.000
happy	0.001	0.000	0.000	0.999	0.000	0.000	0.000
happy	0.001	0.000	0.000	0.999	0.000	0.000	0.000
happy	0.001	0.000	0.000	0.999	0.000	0.000	0.000
happy	0.003	0.000	0.000	0.997	0.000	0.000	0.000
happy	0.001	0.000	0.000	0.999	0.000	0.000	0.000
happy	0.001	0.000	0.000	0.998	0.000	0.000	0.000
happy	0.001	0.000	0.000	0.999	0.000	0.000	0.000
happy	0.001	0.000	0.000	0.999	0.000	0.000	0.000
happy	0.041	0.000	0.001	0.955	0.001	0.002	0.000
happy	0.005	0.000	0.000	0.994	0.001	0.000	0.000
happy	0.062	0.000	0.002	0.930	0.004	0.001	0.000
happy	0.036	0.000	0.003	0.949	0.009	0.001	0.001
happy	0.026	0.001	0.023	0.542	0.204	0.002	0.201
neutral	0.028	0.003	0.028	0.186	0.255	0.002	0.498
neutral	0.021	0.004	0.016	0.368	0.169	0.001	0.421
neutral	0.021	0.004	0.012	0.338	0.193	0.002	0.430
neutral	0.023	0.002	0.010	0.408	0.109	0.001	0.448
happy	0.014	0.001	0.005	0.788	0.048	0.001	0.143
happy	0.014	0.001	0.004	0.683	0.064	0.001	0.233
happy	0.003	0.000	0.001	0.960	0.006	0.000	0.029
happy	0.017	0.008	0.001	0.778	0.052	0.001	0.143
happy	0.003	0.000	0.000	0.971	0.003	0.000	0.023
happy	0.001	0.000	0.000	0.981	0.001	0.000	0.016
happy	0.002	0.000	0.000	0.981	0.001	0.000	0.015
happy	0.000	0.000	0.000	0.992	0.000	0.000	0.007
happy	0.005	0.000	0.000	0.984	0.004	0.000	0.007
happy	0.006	0.000	0.001	0.983	0.004	0.001	0.006
happy	0.006	0.000	0.001	0.980	0.005	0.000	0.008
happy	0.004	0.000	0.001	0.985	0.003	0.000	0.007
happy	0.002	0.000	0.001	0.982	0.005	0.000	0.011
happy	0.008	0.000	0.001	0.973	0.006	0.001	0.011
happy	0.006	0.000	0.001	0.980	0.004	0.000	0.009
happy	0.009	0.000	0.002	0.954	0.010	0.002	0.023
happy	0.014	0.000	0.003	0.920	0.023	0.002	0.038
happy	0.011	0.000	0.004	0.952	0.021	0.001	0.011
happy	0.019	0.000	0.005	0.928	0.021	0.002	0.025
happy	0.016	0.000	0.009	0.896	0.047	0.001	0.031
happy	0.013	0.000	0.002	0.954	0.012	0.001	0.018
happy	0.026	0.000	0.005	0.914	0.024	0.002	0.030
happy	0.040	0.000	0.008	0.895	0.028	0.002	0.026
happy	0.016	0.000	0.004	0.943	0.017	0.001	0.018
happy	0.011	0.000	0.001	0.973	0.007	0.001	0.007
happy	0.001	0.000	0.000	0.996	0.001	0.000	0.002
happy	0.003	0.000	0.000	0.992	0.001	0.000	0.003
happy	0.001	0.000	0.000	0.996	0.001	0.000	0.002
happy	0.001	0.000	0.000	0.998	0.000	0.000	0.001
happy	0.000	0.000	0.000	0.999	0.000	0.000	0.000
happy	0.001	0.000	0.000	0.998	0.000	0.000	0.000
happy	0.000	0.000	0.000	1.000	0.000	0.000	0.000
happy	0.001	0.000	0.000	0.999	0.000	0.000	0.000
happy	0.000	0.000	0.000	0.999	0.000	0.000	0.000
happy	0.001	0.000	0.000	0.998	0.000	0.000	0.000
happy	0.002	0.000	0.000	0.997	0.000	0.000	0.000
happy	0.004	0.000	0.000	0.995	0.000	0.000	0.000
happy	0.003	0.000	0.001	0.996	0.001	0.000	0.000
happy	0.001	0.000	0.000	0.998	0.000	0.000	0.000
happy	0.002	0.000	0.000	0.998	0.000	0.000	0.000
happy	0.008	0.000	0.000	0.990	0.001	0.000	0.001
happy	0.002	0.000	0.000	0.996	0.001	0.000	0.001
happy	0.005	0.000	0.001	0.991	0.002	0.000	0.001
happy	0.001	0.000	0.000	0.996	0.000	0.000	0.002
happy	0.003	0.000	0.000	0.982	0.002	0.000	0.012
happy	0.003	0.000	0.000	0.987	0.002	0.000	0.009
happy	0.012	0.000	0.003	0.939	0.019	0.000	0.026
happy	0.011	0.000	0.003	0.952	0.014	0.001	0.020
happy	0.003	0.000	0.000	0.984	0.003	0.000	0.009
happy	0.004	0.000	0.000	0.977	0.003	0.000	0.015
happy	0.006	0.000	0.000	0.972	0.003	0.000	0.019
happy	0.005	0.000	0.001	0.967	0.003	0.000	0.024
happy	0.003	0.000	0.000	0.978	0.002	0.000	0.016
happy	0.007	0.000	0.001	0.969	0.005	0.000	0.019
happy	0.016	0.000	0.003	0.942	0.012	0.000	0.027
happy	0.013	0.000	0.003	0.949	0.014	0.000	0.021
happy	0.015	0.000	0.003	0.956	0.013	0.000	0.013
happy	0.007	0.000	0.001	0.989	0.001	0.000	0.002
happy	0.008	0.000	0.001	0.988	0.001	0.000	0.002
happy	0.003	0.000	0.000	0.990	0.001	0.000	0.004
happy	0.002	0.000	0.000	0.994	0.001	0.000	0.003
happy	0.001	0.000	0.000	0.997	0.000	0.000	0.002
happy	0.002	0.000	0.000	0.996	0.000	0.000	0.002
happy	0.001	0.000	0.000	0.998	0.000	0.000	0.001
happy	0.000	0.000	0.000	0.999	0.000	0.000	0.000
happy	0.001	0.000	0.000	0.998	0.000	0.000	0.001
happy	0.001	0.000	0.000	0.999	0.000	0.000	0.000
happy	0.000	0.000	0.000	0.999	0.000	0.000	0.000
happy	0.000	0.000	0.000	1.000	0.000	0.000	0.000
happy	0.000	0.000	0.000	1.000	0.000	0.000	0.000
happy	0.000	0.000	0.000	0.999	0.000	0.000	0.000
happy	0.000	0.000	0.000	0.999	0.000	0.000	0.000
happy	0.000	0.000	0.000	0.999	0.000	0.000	0.000
happy	0.001	0.000	0.000	0.999	0.000	0.000	0.000
happy	0.001	0.000	0.000	0.998	0.000	0.000	0.001
happy	0.004	0.000	0.000	0.996	0.000	0.000	0.000
happy	0.001	0.000	0.000	0.999	0.000	0.000	0.000
happy	0.000	0.000	0.000	1.000	0.000	0.000	0.000
happy	0.000	0.000	0.000	0.999	0.000	0.000	0.000
happy	0.000	0.000	0.000	1.000	0.000	0.000	0.000
happy	0.003	0.000	0.000	0.995	0.000	0.000	0.000
happy	0.001	0.000	0.000	0.999	0.000	0.000	0.000
happy	0.001	0.000	0.000	0.999	0.000	0.000	0.000
happy	0.000	0.000	0.000	0.999	0.000	0.000	0.000
happy	0.000	0.000	0.000	1.000	0.000	0.000	0.000
happy	0.000	0.000	0.000	1.000	0.000	0.000	0.000
happy	0.001	0.000	0.000	0.999	0.000	0.000	0.000
happy	0.001	0.000	0.000	0.998	0.000	0.000	0.000
happy	0.003	0.000	0.000	0.995	0.001	0.000	0.001
happy	0.021	0.000	0.001	0.944	0.015	0.001	0.017
happy	0.043	0.000	0.004	0.874	0.035	0.001	0.042
happy	0.038	0.001	0.003	0.875	0.037	0.000	0.047
happy	0.018	0.000	0.002	0.898	0.021	0.000	0.061
happy	0.024	0.000	0.003	0.899	0.011	0.000	0.062
happy	0.028	0.000	0.003	0.930	0.010	0.000	0.028
happy	0.034	0.000	0.002	0.948	0.003	0.000	0.013
happy	0.049	0.000	0.002	0.935	0.003	0.000	0.011
happy	0.098	0.000	0.004	0.861	0.006	0.001	0.030
happy	0.041	0.000	0.008	0.842	0.027	0.001	0.082
happy	0.084	0.000	0.017	0.700	0.058	0.000	0.141
happy	0.024	0.000	0.010	0.852	0.036	0.000	0.078
happy	0.010	0.000	0.001	0.967	0.004	0.000	0.018
happy	0.007	0.000	0.001	0.967	0.002	0.000	0.024
happy	0.002	0.000	0.001	0.979	0.001	0.000	0.017
happy	0.005	0.000	0.001	0.975	0.002	0.000	0.017
happy	0.005	0.000	0.001	0.970	0.002	0.000	0.021
happy	0.005	0.000	0.000	0.981	0.001	0.000	0.013
happy	0.003	0.000	0.000	0.983	0.001	0.000	0.012
happy	0.003	0.000	0.000	0.987	0.001	0.000	0.009
happy	0.003	0.000	0.000	0.986	0.001	0.000	0.010
happy	0.002	0.000	0.000	0.992	0.001	0.000	0.006
happy	0.003	0.000	0.000	0.986	0.001	0.000	0.010
happy	0.004	0.000	0.000	0.978	0.002	0.000	0.015
happy	0.004	0.000	0.001	0.977	0.002	0.000	0.016
happy	0.006	0.000	0.004	0.916	0.015	0.000	0.058
happy	0.006	0.000	0.002	0.914	0.005	0.000	0.073
happy	0.003	0.000	0.001	0.950	0.003	0.000	0.043
happy	0.003	0.000	0.002	0.935	0.003	0.000	0.057
happy	0.007	0.000	0.003	0.769	0.012	0.000	0.208
happy	0.003	0.000	0.002	0.855	0.005	0.000	0.134
happy	0.008	0.000	0.002	0.714	0.009	0.000	0.266
happy	0.006	0.000	0.002	0.822	0.006	0.000	0.164
happy	0.011	0.001	0.004	0.785	0.022	0.000	0.176
happy	0.003	0.000	0.001	0.936	0.006	0.000	0.053
happy	0.007	0.001	0.003	0.914	0.021	0.000	0.054
happy	0.004	0.000	0.001	0.971	0.003	0.000	0.021
happy	0.003	0.000	0.001	0.971	0.004	0.000	0.020
happy	0.020	0.001	0.004	0.890	0.022	0.001	0.063
happy	0.005	0.000	0.001	0.972	0.005	0.000	0.018
happy	0.009	0.000	0.001	0.973	0.004	0.000	0.013
happy	0.012	0.000	0.003	0.958	0.014	0.000	0.013
happy	0.018	0.000	0.002	0.952	0.010	0.000	0.017
happy	0.011	0.000	0.002	0.960	0.007	0.001	0.020
happy	0.008	0.000	0.003	0.921	0.020	0.001	0.048
happy	0.023	0.002	0.004	0.525	0.043	0.001	0.402
neutral	0.041	0.006	0.013	0.314	0.117	0.001	0.508
neutral	0.032	0.004	0.014	0.357	0.110	0.001	0.481
neutral	0.028	0.004	0.013	0.174	0.094	0.001	0.685
neutral	0.015	0.006	0.008	0.394	0.034	0.000	0.543
neutral	0.013	0.002	0.011	0.384	0.041	0.001	0.549
neutral	0.017	0.001	0.018	0.243	0.053	0.000	0.667
neutral	0.029	0.009	0.021	0.318	0.060	0.001	0.562
neutral	0.028	0.002	0.038	0.128	0.198	0.001	0.605
neutral	0.025	0.009	0.021	0.146	0.130	0.002	0.667
happy	0.031	0.000	0.035	0.601	0.148	0.001	0.182
happy	0.028	0.001	0.019	0.800	0.049	0.002	0.101
happy	0.010	0.000	0.006	0.886	0.028	0.002	0.068
happy	0.025	0.000	0.005	0.932	0.016	0.003	0.019
happy	0.020	0.002	0.004	0.821	0.031	0.001	0.122
happy	0.018	0.001	0.004	0.853	0.021	0.001	0.102
happy	0.007	0.001	0.002	0.831	0.012	0.000	0.147
happy	0.010	0.001	0.005	0.842	0.023	0.001	0.118
happy	0.028	0.011	0.008	0.744	0.040	0.001	0.169
happy	0.026	0.003	0.010	0.694	0.047	0.000	0.220
happy	0.041	0.008	0.029	0.447	0.137	0.002	0.336
sad	0.049	0.001	0.075	0.076	0.458	0.001	0.341
happy	0.034	0.006	0.027	0.403	0.130	0.001	0.399
neutral	0.070	0.017	0.046	0.156	0.199	0.002	0.512
neutral	0.083	0.022	0.040	0.163	0.205	0.001	0.486
neutral	0.081	0.026	0.040	0.219	0.241	0.002	0.391
happy	0.054	0.012	0.018	0.433	0.107	0.001	0.375
neutral	0.082	0.016	0.049	0.107	0.210	0.001	0.534
neutral	0.081	0.009	0.039	0.057	0.197	0.001	0.615
neutral	0.059	0.006	0.032	0.075	0.175	0.001	0.652
neutral	0.056	0.007	0.027	0.120	0.150	0.001	0.639
neutral	0.064	0.006	0.033	0.110	0.191	0.001	0.596
neutral	0.078	0.011	0.041	0.144	0.177	0.001	0.548
neutral	0.049	0.003	0.058	0.045	0.370	0.001	0.475
neutral	0.047	0.003	0.016	0.171	0.108	0.001	0.653
neutral	0.033	0.002	0.010	0.227	0.076	0.001	0.650
neutral	0.066	0.008	0.018	0.336	0.080	0.001	0.490
neutral	0.055	0.004	0.064	0.048	0.362	0.001	0.465
neutral	0.079	0.007	0.023	0.272	0.129	0.001	0.488
neutral	0.081	0.010	0.033	0.059	0.216	0.001	0.601
neutral	0.103	0.011	0.041	0.059	0.231	0.001	0.553
neutral	0.113	0.006	0.059	0.041	0.277	0.002	0.502
neutral	0.092	0.011	0.039	0.161	0.171	0.001	0.525
neutral	0.134	0.018	0.042	0.090	0.237	0.001	0.477
neutral	0.065	0.004	0.028	0.154	0.151	0.001	0.597
neutral	0.089	0.005	0.043	0.092	0.193	0.001	0.577
neutral	0.064	0.003	0.038	0.136	0.174	0.001	0.585
sad	0.048	0.000	0.054	0.015	0.500	0.001	0.382
neutral	0.129	0.009	0.056	0.060	0.303	0.002	0.441
neutral	0.115	0.004	0.054	0.060	0.224	0.002	0.542
neutral	0.170	0.002	0.043	0.200	0.248	0.004	0.333
neutral	0.129	0.002	0.056	0.101	0.299	0.003	0.410
neutral	0.051	0.001	0.051	0.041	0.404	0.001	0.452
neutral	0.121	0.004	0.054	0.051	0.295	0.002	0.474
neutral	0.064	0.003	0.026	0.093	0.180	0.001	0.633
neutral	0.077	0.006	0.031	0.193	0.182	0.001	0.511
neutral	0.088	0.007	0.050	0.042	0.319	0.002	0.492
neutral	0.089	0.011	0.034	0.162	0.136	0.002	0.566
neutral	0.070	0.011	0.037	0.219	0.146	0.001	0.516
neutral	0.110	0.003	0.047	0.085	0.227	0.001	0.528
neutral	0.073	0.007	0.036	0.219	0.140	0.001	0.525
neutral	0.049	0.001	0.062	0.050	0.353	0.001	0.483
neutral	0.058	0.002	0.014	0.391	0.045	0.000	0.489
neutral	0.070	0.000	0.016	0.262	0.061	0.001	0.589
neutral	0.101	0.001	0.016	0.360	0.094	0.001	0.428
neutral	0.080	0.002	0.058	0.048	0.337	0.001	0.474
neutral	0.057	0.006	0.033	0.130	0.138	0.001	0.635
neutral	0.066	0.001	0.015	0.327	0.057	0.000	0.535
neutral	0.053	0.001	0.011	0.376	0.066	0.001	0.493
happy	0.075	0.001	0.009	0.502	0.054	0.001	0.359
neutral	0.040	0.002	0.023	0.233	0.329	0.002	0.372
happy	0.114	0.008	0.014	0.463	0.080	0.001	0.319
happy	0.049	0.002	0.011	0.480	0.053	0.001	0.405
happy	0.033	0.001	0.005	0.647	0.027	0.000	0.286
happy	0.054	0.004	0.005	0.753	0.033	0.000	0.150
happy	0.040	0.004	0.006	0.699	0.047	0.001	0.203
happy	0.021	0.003	0.004	0.841	0.025	0.000	0.106
happy	0.012	0.001	0.002	0.883	0.014	0.000	0.087
happy	0.005	0.001	0.001	0.911	0.006	0.000	0.075
happy	0.014	0.001	0.003	0.862	0.014	0.001	0.105
happy	0.021	0.001	0.003	0.869	0.018	0.001	0.088
happy	0.074	0.001	0.021	0.651	0.101	0.001	0.151
happy	0.028	0.000	0.007	0.888	0.026	0.001	0.049
happy	0.018	0.001	0.003	0.916	0.014	0.001	0.046
happy	0.016	0.000	0.003	0.915	0.016	0.001	0.049
happy	0.008	0.000	0.002	0.948	0.008	0.000	0.034
happy	0.012	0.000	0.001	0.958	0.008	0.000	0.019
happy	0.015	0.000	0.002	0.953	0.010	0.000	0.020
happy	0.010	0.000	0.001	0.962	0.008	0.000	0.018
happy	0.007	0.000	0.001	0.971	0.005	0.000	0.016
happy	0.004	0.000	0.000	0.984	0.003	0.000	0.008
happy	0.010	0.000	0.002	0.969	0.008	0.000	0.011
happy	0.004	0.000	0.001	0.985	0.003	0.000	0.007
happy	0.002	0.000	0.000	0.990	0.001	0.000	0.007
happy	0.003	0.000	0.000	0.985	0.003	0.000	0.009
happy	0.005	0.000	0.000	0.987	0.002	0.000	0.006
happy	0.017	0.000	0.003	0.952	0.017	0.000	0.011
happy	0.004	0.000	0.000	0.978	0.004	0.000	0.013
happy	0.003	0.000	0.000	0.984	0.002	0.000	0.010
happy	0.007	0.000	0.001	0.955	0.005	0.000	0.032
happy	0.005	0.000	0.001	0.965	0.003	0.000	0.026
happy	0.005	0.000	0.001	0.965	0.003	0.000	0.026
happy	0.008	0.000	0.001	0.941	0.005	0.000	0.045
happy	0.008	0.000	0.001	0.948	0.005	0.000	0.039
happy	0.032	0.000	0.001	0.912	0.008	0.000	0.047
happy	0.012	0.000	0.001	0.923	0.006	0.000	0.057
happy	0.017	0.000	0.001	0.926	0.009	0.000	0.046
happy	0.016	0.000	0.001	0.933	0.010	0.000	0.040
happy	0.009	0.000	0.000	0.981	0.002	0.000	0.008
happy	0.001	0.000	0.000	0.996	0.000	0.000	0.003
happy	0.000	0.000	0.000	1.000	0.000	0.000	0.000
happy	0.000	0.000	0.000	1.000	0.000	0.000	0.000
happy	0.000	0.000	0.000	1.000	0.000	0.000	0.000
happy	0.000	0.000	0.000	1.000	0.000	0.000	0.000
happy	0.000	0.000	0.000	1.000	0.000	0.000	0.000
happy	0.000	0.000	0.000	1.000	0.000	0.000	0.000
happy	0.000	0.000	0.000	1.000	0.000	0.000	0.000
happy	0.000	0.000	0.000	1.000	0.000	0.000	0.000
happy	0.000	0.000	0.000	1.000	0.000	0.000	0.000
happy	0.000	0.000	0.000	1.000	0.000	0.000	0.000
happy	0.001	0.000	0.000	0.998	0.000	0.001	0.000
happy	0.001	0.000	0.000	0.999	0.000	0.001	0.000
happy	0.000	0.000	0.000	0.998	0.000	0.002	0.000
happy	0.001	0.000	0.000	0.998	0.000	0.001	0.000
happy	0.002	0.000	0.000	0.998	0.000	0.001	0.000
happy	0.001	0.000	0.000	0.999	0.000	0.000	0.000
happy	0.001	0.000	0.000	0.999	0.000	0.000	0.000
happy	0.001	0.000	0.000	0.999	0.000	0.001	0.000
happy	0.000	0.000	0.000	1.000	0.000	0.000	0.000
happy	0.000	0.000	0.000	0.999	0.000	0.000	0.000
happy	0.000	0.000	0.000	1.000	0.000	0.000	0.000
happy	0.000	0.000	0.000	1.000	0.000	0.000	0.000
happy	0.000	0.000	0.000	1.000	0.000	0.000	0.000
happy	0.000	0.000	0.000	1.000	0.000	0.000	0.000
happy	0.000	0.000	0.000	1.000	0.000	0.000	0.000
happy	0.000	0.000	0.000	0.999	0.000	0.000	0.000
happy	0.000	0.000	0.000	1.000	0.000	0.000	0.000
happy	0.000	0.000	0.000	0.999	0.000	0.000	0.000
happy	0.000	0.000	0.000	1.000	0.000	0.000	0.000
happy	0.000	0.000	0.000	1.000	0.000	0.000	0.000
happy	0.000	0.000	0.000	1.000	0.000	0.000	0.000
happy	0.000	0.000	0.000	1.000	0.000	0.000	0.000
happy	0.000	0.000	0.000	0.999	0.000	0.000	0.000
happy	0.000	0.000	0.000	1.000	0.000	0.000	0.000
happy	0.000	0.000	0.000	1.000	0.000	0.000	0.000
happy	0.000	0.000	0.000	1.000	0.000	0.000	0.000
happy	0.000	0.000	0.000	1.000	0.000	0.000	0.000
happy	0.000	0.000	0.000	1.000	0.000	0.000	0.000
happy	0.000	0.000	0.000	1.000	0.000	0.000	0.000
happy	0.000	0.000	0.000	1.000	0.000	0.000	0.000
happy	0.000	0.000	0.000	1.000	0.000	0.000	0.000
happy	0.000	0.000	0.000	1.000	0.000	0.000	0.000
happy	0.001	0.000	0.000	0.999	0.000	0.000	0.000
happy	0.004	0.000	0.000	0.996	0.000	0.000	0.000
happy	0.001	0.000	0.000	0.999	0.000	0.000	0.000
happy	0.001	0.000	0.000	0.999	0.000	0.000	0.000
happy	0.002	0.000	0.000	0.998	0.000	0.000	0.000
happy	0.001	0.000	0.000	0.998	0.000	0.000	0.000
happy	0.002	0.000	0.000	0.998	0.000	0.000	0.000
happy	0.003	0.000	0.000	0.997	0.000	0.000	0.000
happy	0.003	0.000	0.000	0.997	0.000	0.000	0.000
happy	0.011	0.000	0.000	0.989	0.000	0.000	0.000
happy	0.008	0.000	0.000	0.992	0.000	0.000	0.000
happy	0.161	0.000	0.004	0.827	0.006	0.002	0.000
happy	0.370	0.000	0.014	0.594	0.018	0.003	0.000
happy	0.350	0.000	0.022	0.605	0.017	0.005	0.001
angry	0.503	0.000	0.039	0.284	0.154	0.007	0.013
neutral	0.096	0.021	0.059	0.106	0.310	0.003	0.405
neutral	0.048	0.041	0.037	0.097	0.253	0.020	0.504
neutral	0.023	0.005	0.007	0.301	0.106	0.001	0.557
neutral	0.014	0.006	0.005	0.264	0.129	0.001	0.581
neutral	0.012	0.005	0.004	0.385	0.053	0.001	0.540
sad	0.022	0.003	0.023	0.067	0.534	0.001	0.351
neutral	0.036	0.011	0.013	0.133	0.235	0.002	0.571
sad	0.051	0.003	0.032	0.118	0.468	0.002	0.327
happy	0.030	0.007	0.010	0.441	0.159	0.004	0.349
happy	0.077	0.003	0.011	0.691	0.099	0.002	0.117
happy	0.104	0.001	0.014	0.669	0.124	0.007	0.082
happy	0.025	0.001	0.004	0.897	0.040	0.001	0.032
happy	0.039	0.002	0.006	0.836	0.054	0.002	0.061
happy	0.032	0.001	0.005	0.878	0.034	0.002	0.048
happy	0.018	0.000	0.002	0.930	0.015	0.001	0.033
happy	0.040	0.001	0.005	0.877	0.033	0.002	0.043
happy	0.041	0.002	0.009	0.716	0.090	0.003	0.140
happy	0.045	0.001	0.007	0.868	0.039	0.001	0.039
happy	0.042	0.001	0.007	0.816	0.051	0.002	0.081
happy	0.080	0.002	0.019	0.574	0.145	0.002	0.177
happy	0.063	0.003	0.020	0.412	0.181	0.003	0.319
neutral	0.055	0.002	0.019	0.325	0.195	0.004	0.399
happy	0.107	0.006	0.017	0.419	0.196	0.005	0.250
happy	0.058	0.004	0.014	0.500	0.120	0.006	0.297
happy	0.057	0.004	0.018	0.396	0.188	0.004	0.334
happy	0.066	0.005	0.033	0.481	0.161	0.002	0.252
happy	0.027	0.001	0.017	0.603	0.128	0.004	0.218
happy	0.063	0.006	0.027	0.426	0.184	0.004	0.290
happy	0.071	0.004	0.023	0.401	0.139	0.004	0.358
happy	0.041	0.006	0.011	0.534	0.089	0.003	0.316
happy	0.011	0.000	0.002	0.884	0.011	0.002	0.090
happy	0.008	0.000	0.001	0.940	0.009	0.001	0.041
happy	0.008	0.000	0.001	0.919	0.010	0.001	0.061
happy	0.004	0.000	0.001	0.926	0.009	0.001	0.060
happy	0.001	0.000	0.000	0.955	0.005	0.001	0.038
happy	0.000	0.000	0.000	0.995	0.001	0.001	0.003
happy	0.001	0.000	0.000	0.998	0.000	0.000	0.000
happy	0.001	0.000	0.000	0.999	0.000	0.000	0.000
happy	0.001	0.000	0.000	0.997	0.000	0.000	0.000
happy	0.001	0.000	0.000	0.999	0.000	0.000	0.000
happy	0.002	0.000	0.000	0.998	0.000	0.000	0.000
happy	0.001	0.000	0.000	0.999	0.000	0.000	0.000
happy	0.001	0.000	0.000	0.999	0.000	0.000	0.000
happy	0.002	0.000	0.000	0.998	0.000	0.000	0.000
happy	0.004	0.000	0.000	0.996	0.000	0.000	0.000
happy	0.005	0.000	0.000	0.995	0.000	0.000	0.000
happy	0.005	0.000	0.000	0.995	0.000	0.000	0.000
happy	0.002	0.000	0.000	0.998	0.000	0.000	0.000
happy	0.001	0.000	0.000	0.999	0.000	0.000	0.000
happy	0.002	0.000	0.000	0.998	0.000	0.000	0.000
happy	0.002	0.000	0.000	0.998	0.000	0.000	0.000
happy	0.003	0.000	0.000	0.997	0.000	0.000	0.000
happy	0.001	0.000	0.000	0.999	0.000	0.000	0.000
happy	0.000	0.000	0.000	1.000	0.000	0.000	0.000
happy	0.000	0.000	0.000	0.999	0.000	0.000	0.000
happy	0.001	0.000	0.000	0.999	0.000	0.000	0.000
happy	0.000	0.000	0.000	1.000	0.000	0.000	0.000
happy	0.000	0.000	0.000	1.000	0.000	0.000	0.000
happy	0.001	0.000	0.000	0.999	0.000	0.000	0.000
happy	0.000	0.000	0.000	1.000	0.000	0.000	0.000
happy	0.001	0.000	0.000	0.999	0.000	0.000	0.000
happy	0.000	0.000	0.000	1.000	0.000	0.000	0.000
happy	0.000	0.000	0.000	1.000	0.000	0.000	0.000
happy	0.000	0.000	0.000	1.000	0.000	0.000	0.000
happy	0.001	0.000	0.000	0.999	0.000	0.000	0.000
happy	0.001	0.000	0.000	0.999	0.000	0.000	0.000
happy	0.002	0.000	0.000	0.997	0.000	0.000	0.000
happy	0.003	0.000	0.000	0.997	0.000	0.000	0.000
happy	0.001	0.000	0.000	0.998	0.000	0.000	0.000
happy	0.004	0.000	0.000	0.996	0.000	0.000	0.000
happy	0.007	0.000	0.000	0.993	0.000	0.000	0.000
happy	0.024	0.000	0.000	0.974	0.001	0.001	0.000
happy	0.022	0.000	0.000	0.976	0.001	0.001	0.000
happy	0.027	0.000	0.000	0.970	0.001	0.000	0.000
happy	0.042	0.000	0.000	0.955	0.002	0.000	0.000
happy	0.194	0.000	0.002	0.797	0.007	0.000	0.001
happy	0.166	0.000	0.007	0.801	0.023	0.001	0.001
happy	0.184	0.000	0.007	0.775	0.030	0.001	0.003
happy	0.109	0.000	0.007	0.831	0.046	0.002	0.005
happy	0.086	0.000	0.006	0.877	0.025	0.002	0.004
happy	0.165	0.000	0.012	0.770	0.046	0.002	0.004
happy	0.118	0.000	0.006	0.826	0.044	0.001	0.004
happy	0.140	0.001	0.015	0.725	0.101	0.003	0.016
happy	0.111	0.000	0.016	0.663	0.142	0.002	0.064
happy	0.152	0.002	0.027	0.499	0.229	0.002	0.090
happy	0.216	0.001	0.010	0.586	0.117	0.005	0.066
happy	0.151	0.001	0.050	0.425	0.244	0.002	0.126
happy	0.259	0.001	0.018	0.313	0.298	0.003	0.108
happy	0.162	0.009	0.021	0.528	0.167	0.001	0.111
sad	0.149	0.003	0.017	0.251	0.292	0.003	0.284
sad	0.261	0.003	0.024	0.111	0.428	0.002	0.170
sad	0.188	0.002	0.019	0.235	0.355	0.003	0.198
happy	0.156	0.002	0.011	0.482	0.153	0.003	0.193
sad	0.183	0.003	0.019	0.261	0.334	0.002	0.198
happy	0.166	0.001	0.015	0.290	0.274	0.003	0.250
sad	0.187	0.001	0.016	0.244	0.374	0.003	0.174
happy	0.148	0.002	0.012	0.290	0.264	0.004	0.279
sad	0.232	0.001	0.017	0.269	0.315	0.004	0.162
sad	0.175	0.001	0.021	0.260	0.337	0.003	0.203
sad	0.165	0.002	0.020	0.214	0.327	0.005	0.268
sad	0.174	0.002	0.018	0.209	0.350	0.004	0.242
sad	0.102	0.000	0.053	0.223	0.405	0.001	0.216
sad	0.142	0.001	0.041	0.202	0.419	0.001	0.193
sad	0.120	0.001	0.029	0.244	0.436	0.002	0.168
sad	0.126	0.002	0.022	0.322	0.353	0.001	0.173
sad	0.110	0.001	0.025	0.273	0.406	0.002	0.184
sad	0.114	0.001	0.027	0.259	0.387	0.002	0.209
sad	0.128	0.002	0.031	0.159	0.478	0.002	0.200
sad	0.121	0.002	0.028	0.308	0.330	0.002	0.209
happy	0.073	0.004	0.021	0.420	0.237	0.001	0.244
happy	0.098	0.001	0.023	0.335	0.313	0.002	0.227
sad	0.075	0.001	0.024	0.275	0.350	0.002	0.273
happy	0.102	0.002	0.020	0.375	0.300	0.002	0.199
happy	0.060	0.002	0.013	0.420	0.262	0.002	0.241
happy	0.062	0.001	0.021	0.366	0.321	0.001	0.227
happy	0.075	0.001	0.011	0.572	0.152	0.001	0.189
happy	0.097	0.001	0.010	0.494	0.099	0.004	0.295
happy	0.066	0.001	0.009	0.494	0.097	0.003	0.330
happy	0.106	0.002	0.015	0.375	0.140	0.002	0.360
happy	0.065	0.000	0.008	0.591	0.057	0.003	0.277
happy	0.068	0.000	0.008	0.590	0.065	0.002	0.267
happy	0.082	0.001	0.028	0.373	0.243	0.003	0.271
happy	0.059	0.002	0.019	0.389	0.185	0.003	0.343
sad	0.129	0.003	0.048	0.123	0.400	0.001	0.295
sad	0.127	0.003	0.052	0.101	0.474	0.001	0.243
sad	0.117	0.001	0.053	0.124	0.462	0.000	0.242
sad	0.143	0.002	0.048	0.079	0.495	0.001	0.232
sad	0.088	0.001	0.042	0.233	0.387	0.001	0.248
sad	0.145	0.002	0.041	0.216	0.370	0.001	0.226
sad	0.133	0.001	0.057	0.148	0.437	0.001	0.224
sad	0.109	0.001	0.061	0.164	0.353	0.001	0.309
neutral	0.083	0.001	0.046	0.147	0.349	0.001	0.373
sad	0.120	0.003	0.045	0.110	0.404	0.001	0.318
neutral	0.069	0.002	0.029	0.232	0.289	0.002	0.378
neutral	0.082	0.001	0.029	0.252	0.285	0.001	0.349
neutral	0.073	0.001	0.035	0.209	0.281	0.002	0.398
sad	0.100	0.002	0.057	0.093	0.415	0.001	0.331
neutral	0.095	0.001	0.040	0.148	0.318	0.001	0.397
neutral	0.095	0.001	0.040	0.124	0.318	0.001	0.421
neutral	0.102	0.000	0.049	0.176	0.302	0.001	0.370
neutral	0.092	0.001	0.043	0.104	0.348	0.001	0.411
neutral	0.101	0.001	0.035	0.153	0.272	0.001	0.438
neutral	0.070	0.000	0.030	0.324	0.109	0.001	0.467
neutral	0.045	0.000	0.014	0.256	0.079	0.001	0.605
happy	0.073	0.000	0.029	0.401	0.130	0.001	0.365
neutral	0.036	0.000	0.010	0.334	0.045	0.001	0.575
happy	0.086	0.000	0.012	0.545	0.056	0.001	0.300
happy	0.028	0.000	0.009	0.638	0.037	0.001	0.287
happy	0.030	0.000	0.012	0.664	0.036	0.001	0.257
happy	0.093	0.001	0.015	0.593	0.075	0.001	0.223
happy	0.073	0.000	0.015	0.639	0.049	0.001	0.223
happy	0.063	0.000	0.014	0.725	0.035	0.001	0.162
happy	0.059	0.000	0.014	0.620	0.074	0.002	0.232
happy	0.032	0.000	0.012	0.690	0.068	0.001	0.197
happy	0.050	0.000	0.023	0.543	0.119	0.001	0.264
happy	0.065	0.000	0.013	0.743	0.051	0.000	0.127
happy	0.030	0.000	0.006	0.787	0.040	0.001	0.137
happy	0.044	0.000	0.009	0.819	0.040	0.001	0.087
happy	0.033	0.000	0.005	0.848	0.023	0.000	0.091
happy	0.042	0.000	0.007	0.823	0.037	0.001	0.090
happy	0.023	0.000	0.003	0.901	0.017	0.000	0.057
happy	0.011	0.000	0.001	0.921	0.008	0.000	0.058
happy	0.049	0.000	0.002	0.885	0.015	0.001	0.048
happy	0.025	0.000	0.003	0.874	0.027	0.001	0.071
happy	0.031	0.000	0.004	0.886	0.022	0.001	0.056
happy	0.051	0.000	0.007	0.823	0.036	0.001	0.082
happy	0.033	0.000	0.005	0.716	0.060	0.001	0.184
happy	0.060	0.000	0.006	0.806	0.056	0.001	0.072
happy	0.042	0.000	0.005	0.846	0.035	0.000	0.071
happy	0.063	0.000	0.003	0.843	0.032	0.001	0.058
happy	0.064	0.000	0.001	0.901	0.010	0.001	0.023
happy	0.036	0.000	0.002	0.868	0.019	0.001	0.075
happy	0.026	0.000	0.001	0.925	0.008	0.001	0.039
happy	0.045	0.000	0.001	0.901	0.007	0.001	0.045
happy	0.024	0.000	0.001	0.910	0.007	0.001	0.057
happy	0.026	0.000	0.001	0.926	0.009	0.001	0.037
happy	0.024	0.000	0.001	0.913	0.013	0.000	0.049
happy	0.025	0.000	0.001	0.922	0.009	0.001	0.042
happy	0.025	0.000	0.002	0.914	0.017	0.001	0.041
happy	0.020	0.000	0.001	0.948	0.008	0.000	0.023
happy	0.010	0.000	0.001	0.970	0.004	0.000	0.015
happy	0.008	0.000	0.001	0.979	0.004	0.000	0.008
happy	0.011	0.000	0.001	0.971	0.006	0.001	0.010
happy	0.010	0.000	0.001	0.973	0.006	0.001	0.010
happy	0.011	0.000	0.001	0.969	0.007	0.000	0.011
happy	0.013	0.000	0.001	0.971	0.006	0.000	0.009
happy	0.010	0.000	0.001	0.972	0.007	0.000	0.010
happy	0.014	0.000	0.001	0.963	0.007	0.000	0.014
happy	0.010	0.000	0.001	0.975	0.006	0.000	0.009
happy	0.004	0.000	0.001	0.984	0.003	0.000	0.008
happy	0.008	0.000	0.000	0.980	0.003	0.000	0.009
happy	0.010	0.000	0.000	0.977	0.002	0.000	0.010
happy	0.009	0.000	0.000	0.980	0.003	0.000	0.008
happy	0.007	0.000	0.000	0.983	0.002	0.000	0.007
happy	0.009	0.000	0.001	0.980	0.004	0.000	0.006
happy	0.012	0.000	0.001	0.967	0.006	0.001	0.012
happy	0.008	0.000	0.000	0.978	0.004	0.000	0.009
happy	0.009	0.000	0.000	0.978	0.003	0.000	0.009
happy	0.009	0.000	0.000	0.981	0.003	0.000	0.006
happy	0.010	0.000	0.000	0.978	0.004	0.001	0.007
happy	0.006	0.000	0.000	0.985	0.002	0.000	0.006
happy	0.010	0.000	0.000	0.979	0.004	0.001	0.007
happy	0.004	0.000	0.000	0.987	0.002	0.001	0.006
happy	0.013	0.000	0.000	0.981	0.002	0.000	0.003
happy	0.006	0.000	0.000	0.989	0.001	0.001	0.003
happy	0.019	0.000	0.001	0.969	0.004	0.000	0.007
happy	0.015	0.000	0.001	0.972	0.005	0.001	0.007
happy	0.016	0.000	0.001	0.971	0.004	0.000	0.008
happy	0.008	0.000	0.000	0.985	0.002	0.000	0.005
happy	0.008	0.000	0.000	0.984	0.003	0.000	0.005
happy	0.009	0.000	0.001	0.980	0.003	0.001	0.006
happy	0.006	0.000	0.000	0.988	0.002	0.000	0.004
happy	0.009	0.000	0.001	0.981	0.003	0.001	0.006
happy	0.019	0.000	0.002	0.968	0.006	0.000	0.005
happy	0.020	0.000	0.002	0.958	0.008	0.001	0.011
happy	0.025	0.000	0.003	0.951	0.011	0.001	0.009
happy	0.021	0.000	0.001	0.963	0.006	0.001	0.008
happy	0.008	0.000	0.001	0.981	0.003	0.001	0.006
happy	0.015	0.000	0.001	0.975	0.004	0.000	0.005
happy	0.021	0.000	0.001	0.967	0.005	0.000	0.006
happy	0.010	0.000	0.001	0.978	0.003	0.000	0.007
happy	0.006	0.000	0.001	0.982	0.002	0.000	0.008
happy	0.010	0.000	0.001	0.976	0.003	0.001	0.011
happy	0.011	0.000	0.001	0.969	0.003	0.001	0.015
happy	0.008	0.000	0.001	0.979	0.002	0.000	0.010
happy	0.029	0.000	0.003	0.940	0.010	0.001	0.017
happy	0.017	0.000	0.002	0.953	0.009	0.000	0.018
happy	0.016	0.000	0.003	0.936	0.012	0.001	0.032
happy	0.073	0.000	0.006	0.839	0.033	0.000	0.047
happy	0.183	0.001	0.027	0.285	0.258	0.001	0.246
happy	0.076	0.001	0.014	0.413	0.115	0.001	0.380
happy	0.091	0.000	0.015	0.523	0.080	0.001	0.290
happy	0.096	0.000	0.012	0.493	0.089	0.001	0.309
happy	0.115	0.000	0.019	0.496	0.080	0.001	0.289
neutral	0.099	0.000	0.022	0.271	0.100	0.001	0.507
neutral	0.084	0.000	0.021	0.183	0.096	0.002	0.614
neutral	0.075	0.000	0.022	0.166	0.083	0.002	0.652
neutral	0.074	0.000	0.020	0.318	0.069	0.001	0.518
neutral	0.113	0.000	0.028	0.278	0.080	0.001	0.500
neutral	0.107	0.000	0.031	0.322	0.105	0.002	0.433
neutral	0.077	0.000	0.016	0.226	0.103	0.001	0.578
neutral	0.125	0.001	0.028	0.237	0.127	0.002	0.480
neutral	0.128	0.000	0.019	0.266	0.070	0.001	0.516
neutral	0.144	0.000	0.020	0.277	0.066	0.001	0.492
neutral	0.095	0.000	0.016	0.203	0.052	0.002	0.632
neutral	0.110	0.000	0.025	0.223	0.069	0.001	0.572
neutral	0.163	0.000	0.028	0.186	0.166	0.001	0.456
neutral	0.189	0.000	0.033	0.127	0.174	0.001	0.476
neutral	0.137	0.000	0.032	0.130	0.160	0.001	0.540
neutral	0.153	0.000	0.025	0.191	0.094	0.001	0.536
neutral	0.113	0.000	0.022	0.165	0.093	0.002	0.605
neutral	0.091	0.001	0.022	0.116	0.140	0.001	0.629
neutral	0.191	0.001	0.036	0.156	0.253	0.001	0.363
neutral	0.162	0.000	0.029	0.233	0.188	0.001	0.385
neutral	0.057	0.001	0.016	0.182	0.203	0.002	0.539
neutral	0.111	0.001	0.030	0.134	0.316	0.001	0.406
neutral	0.102	0.002	0.031	0.117	0.338	0.002	0.408
sad	0.084	0.001	0.036	0.150	0.413	0.001	0.317
sad	0.143	0.001	0.034	0.143	0.388	0.001	0.290
sad	0.120	0.001	0.040	0.156	0.376	0.001	0.308
happy	0.078	0.001	0.013	0.419	0.118	0.003	0.367
happy	0.100	0.002	0.009	0.438	0.094	0.001	0.356
happy	0.121	0.001	0.010	0.399	0.129	0.001	0.339
happy	0.061	0.000	0.009	0.543	0.071	0.002	0.314
happy	0.074	0.000	0.012	0.491	0.080	0.002	0.340
happy	0.081	0.000	0.012	0.445	0.065	0.002	0.394
happy	0.077	0.000	0.010	0.469	0.063	0.002	0.379
happy	0.085	0.000	0.009	0.524	0.043	0.002	0.337
happy	0.075	0.001	0.009	0.540	0.056	0.003	0.317
happy	0.055	0.000	0.008	0.539	0.053	0.003	0.342
happy	0.059	0.000	0.010	0.608	0.056	0.003	0.264
happy	0.069	0.000	0.005	0.851	0.025	0.001	0.050
happy	0.051	0.000	0.005	0.851	0.026	0.001	0.065
happy	0.074	0.000	0.008	0.814	0.034	0.001	0.068
happy	0.071	0.000	0.006	0.836	0.022	0.001	0.065
happy	0.055	0.000	0.007	0.872	0.031	0.000	0.035
happy	0.047	0.000	0.004	0.908	0.019	0.000	0.021
happy	0.069	0.000	0.030	0.676	0.150	0.001	0.073
happy	0.121	0.000	0.028	0.656	0.150	0.001	0.044
happy	0.088	0.000	0.022	0.731	0.103	0.001	0.055
happy	0.071	0.000	0.018	0.791	0.078	0.001	0.041
happy	0.048	0.000	0.011	0.829	0.050	0.001	0.060
happy	0.062	0.000	0.010	0.828	0.048	0.000	0.051
happy	0.047	0.000	0.007	0.891	0.031	0.000	0.023
happy	0.045	0.000	0.009	0.847	0.042	0.000	0.056
happy	0.090	0.000	0.014	0.783	0.073	0.001	0.039
happy	0.125	0.000	0.043	0.489	0.267	0.001	0.074
happy	0.088	0.000	0.011	0.787	0.062	0.001	0.051
happy	0.087	0.000	0.007	0.799	0.021	0.000	0.086
happy	0.068	0.000	0.007	0.820	0.024	0.001	0.080
happy	0.085	0.000	0.007	0.734	0.027	0.001	0.145
happy	0.075	0.000	0.006	0.819	0.025	0.001	0.074
happy	0.054	0.000	0.007	0.812	0.030	0.000	0.097
happy	0.073	0.000	0.010	0.804	0.057	0.000	0.056
happy	0.076	0.000	0.008	0.833	0.035	0.000	0.048
happy	0.049	0.000	0.004	0.902	0.018	0.000	0.027
happy	0.032	0.000	0.002	0.940	0.012	0.000	0.014
happy	0.055	0.000	0.004	0.901	0.013	0.000	0.027
happy	0.118	0.000	0.007	0.748	0.031	0.001	0.094
happy	0.085	0.000	0.009	0.796	0.028	0.001	0.082
happy	0.039	0.000	0.002	0.920	0.015	0.000	0.024
happy	0.031	0.000	0.003	0.919	0.016	0.000	0.030
happy	0.045	0.000	0.006	0.883	0.027	0.001	0.039
happy	0.046	0.000	0.006	0.849	0.042	0.001	0.056
happy	0.028	0.000	0.004	0.911	0.020	0.000	0.036
happy	0.019	0.000	0.001	0.965	0.006	0.000	0.009
happy	0.023	0.000	0.002	0.955	0.009	0.000	0.010
happy	0.025	0.000	0.004	0.951	0.012	0.000	0.007
happy	0.021	0.000	0.001	0.965	0.005	0.000	0.007
happy	0.012	0.000	0.000	0.984	0.002	0.000	0.002
happy	0.012	0.000	0.001	0.981	0.003	0.000	0.003
happy	0.032	0.000	0.002	0.946	0.010	0.000	0.009
happy	0.040	0.000	0.003	0.922	0.018	0.000	0.017
happy	0.024	0.000	0.003	0.933	0.013	0.000	0.027
happy	0.107	0.000	0.013	0.714	0.068	0.001	0.097
happy	0.041	0.000	0.003	0.900	0.015	0.000	0.041
happy	0.021	0.000	0.002	0.907	0.008	0.000	0.062
happy	0.085	0.000	0.008	0.797	0.029	0.001	0.080
happy	0.050	0.000	0.005	0.819	0.019	0.001	0.106
happy	0.067	0.000	0.008	0.786	0.028	0.001	0.112
happy	0.040	0.000	0.014	0.703	0.077	0.001	0.165
happy	0.036	0.000	0.007	0.800	0.038	0.000	0.118
happy	0.045	0.000	0.013	0.735	0.094	0.001	0.112
happy	0.049	0.000	0.027	0.445	0.276	0.001	0.202
happy	0.065	0.000	0.024	0.472	0.161	0.001	0.277
happy	0.070	0.000	0.011	0.663	0.091	0.001	0.164
happy	0.092	0.000	0.015	0.516	0.121	0.000	0.256
happy	0.095	0.000	0.015	0.460	0.058	0.002	0.370
happy	0.070	0.000	0.009	0.676	0.046	0.001	0.197
happy	0.086	0.000	0.012	0.523	0.077	0.001	0.300
happy	0.094	0.000	0.015	0.534	0.076	0.001	0.280
happy	0.063	0.000	0.015	0.571	0.127	0.000	0.223
happy	0.107	0.000	0.017	0.501	0.089	0.001	0.286
happy	0.104	0.000	0.020	0.450	0.084	0.001	0.341
happy	0.059	0.000	0.015	0.661	0.080	0.001	0.183
happy	0.048	0.000	0.012	0.650	0.080	0.001	0.209
happy	0.084	0.000	0.019	0.446	0.136	0.001	0.314
neutral	0.065	0.000	0.028	0.293	0.258	0.001	0.355
happy	0.041	0.000	0.012	0.661	0.078	0.001	0.206
happy	0.059	0.000	0.012	0.567	0.084	0.001	0.278
happy	0.059	0.000	0.012	0.661	0.077	0.001	0.191
happy	0.139	0.000	0.018	0.538	0.093	0.002	0.211
happy	0.106	0.000	0.014	0.526	0.091	0.001	0.261
happy	0.098	0.000	0.013	0.617	0.066	0.001	0.205
happy	0.100	0.000	0.010	0.623	0.058	0.001	0.209
happy	0.115	0.000	0.011	0.582	0.088	0.001	0.203
happy	0.118	0.000	0.017	0.505	0.077	0.001	0.281
happy	0.084	0.000	0.014	0.522	0.097	0.001	0.282
happy	0.070	0.000	0.016	0.548	0.114	0.001	0.251
happy	0.062	0.000	0.020	0.550	0.171	0.001	0.195
happy	0.118	0.001	0.024	0.418	0.229	0.001	0.209
happy	0.096	0.000	0.009	0.627	0.088	0.001	0.180
happy	0.074	0.000	0.006	0.726	0.055	0.001	0.137
happy	0.055	0.000	0.004	0.830	0.035	0.001	0.074
happy	0.023	0.000	0.002	0.909	0.019	0.000	0.046
happy	0.039	0.000	0.002	0.906	0.018	0.000	0.035
happy	0.042	0.000	0.005	0.854	0.037	0.000	0.061
happy	0.027	0.000	0.001	0.926	0.015	0.000	0.031
happy	0.036	0.000	0.002	0.890	0.020	0.000	0.052
happy	0.038	0.000	0.003	0.869	0.025	0.000	0.065
happy	0.049	0.000	0.004	0.834	0.034	0.000	0.079
happy	0.080	0.000	0.011	0.751	0.083	0.000	0.075
happy	0.051	0.000	0.005	0.856	0.046	0.000	0.042
happy	0.049	0.000	0.005	0.854	0.045	0.000	0.047
happy	0.026	0.000	0.002	0.958	0.008	0.000	0.007
happy	0.006	0.000	0.000	0.990	0.001	0.000	0.002
happy	0.002	0.000	0.000	0.998	0.000	0.000	0.000
happy	0.002	0.000	0.000	0.998	0.000	0.000	0.000
happy	0.001	0.000	0.000	0.998	0.000	0.000	0.000
happy	0.002	0.000	0.000	0.998	0.000	0.000	0.000
happy	0.000	0.000	0.000	0.999	0.000	0.001	0.000
happy	0.000	0.000	0.000	0.999	0.000	0.000	0.000
happy	0.000	0.000	0.000	0.999	0.000	0.000	0.000
happy	0.001	0.000	0.000	0.998	0.000	0.001	0.000
happy	0.000	0.000	0.000	0.999	0.000	0.001	0.000
happy	0.003	0.000	0.000	0.996	0.000	0.002	0.000
happy	0.002	0.000	0.000	0.996	0.000	0.002	0.000
happy	0.001	0.000	0.000	0.995	0.000	0.003	0.000
happy	0.000	0.000	0.000	0.995	0.000	0.005	0.000
happy	0.001	0.000	0.000	0.996	0.000	0.003	0.000
happy	0.000	0.000	0.000	0.998	0.000	0.001	0.000
happy	0.003	0.000	0.000	0.994	0.000	0.003	0.000
happy	0.001	0.000	0.000	0.997	0.000	0.002	0.000
happy	0.000	0.000	0.000	0.999	0.000	0.001	0.000
happy	0.001	0.000	0.000	0.999	0.000	0.001	0.000
happy	0.001	0.000	0.000	0.999	0.000	0.000	0.000
happy	0.001	0.000	0.000	0.999	0.000	0.000	0.000
happy	0.000	0.000	0.000	1.000	0.000	0.000	0.000
happy	0.000	0.000	0.000	1.000	0.000	0.000	0.000
happy	0.000	0.000	0.000	1.000	0.000	0.000	0.000
happy	0.000	0.000	0.000	1.000	0.000	0.000	0.000
happy	0.000	0.000	0.000	1.000	0.000	0.000	0.000
happy	0.000	0.000	0.000	1.000	0.000	0.000	0.000
happy	0.000	0.000	0.000	1.000	0.000	0.000	0.000
happy	0.000	0.000	0.000	1.000	0.000	0.000	0.000
happy	0.000	0.000	0.000	1.000	0.000	0.000	0.000
happy	0.000	0.000	0.000	0.999	0.000	0.000	0.000
happy	0.000	0.000	0.000	1.000	0.000	0.000	0.000
happy	0.000	0.000	0.000	0.999	0.000	0.001	0.000
happy	0.000	0.000	0.000	1.000	0.000	0.000	0.000
happy	0.000	0.000	0.000	1.000	0.000	0.000	0.000
happy	0.005	0.000	0.000	0.994	0.000	0.002	0.000
happy	0.050	0.000	0.002	0.940	0.002	0.006	0.001
happy	0.065	0.000	0.004	0.914	0.008	0.007	0.002
happy	0.021	0.000	0.000	0.973	0.001	0.004	0.001
happy	0.014	0.000	0.001	0.981	0.001	0.003	0.001
happy	0.008	0.000	0.000	0.990	0.000	0.001	0.000
happy	0.014	0.000	0.000	0.982	0.001	0.003	0.000
happy	0.008	0.000	0.000	0.989	0.001	0.001	0.001
happy	0.004	0.000	0.000	0.995	0.000	0.000	0.000
happy	0.018	0.000	0.001	0.978	0.001	0.002	0.001
happy	0.005	0.000	0.000	0.994	0.000	0.000	0.000
happy	0.012	0.000	0.000	0.986	0.001	0.001	0.001
happy	0.002	0.000	0.000	0.996	0.001	0.000	0.001
happy	0.003	0.000	0.000	0.994	0.001	0.000	0.001
happy	0.003	0.000	0.000	0.994	0.001	0.000	0.002
happy	0.002	0.000	0.000	0.996	0.001	0.000	0.000
happy	0.003	0.000	0.000	0.995	0.001	0.000	0.000
happy	0.002	0.000	0.000	0.996	0.001	0.000	0.001
happy	0.001	0.000	0.000	0.998	0.000	0.000	0.000
happy	0.002	0.000	0.000	0.996	0.001	0.000	0.001
happy	0.002	0.000	0.000	0.997	0.000	0.000	0.000
happy	0.002	0.000	0.000	0.995	0.001	0.000	0.001
happy	0.002	0.000	0.000	0.991	0.001	0.000	0.006
happy	0.008	0.000	0.001	0.982	0.002	0.000	0.006
happy	0.013	0.000	0.001	0.973	0.003	0.000	0.009
happy	0.034	0.000	0.004	0.915	0.012	0.001	0.035
neutral	0.019	0.002	0.010	0.401	0.046	0.004	0.518
neutral	0.008	0.002	0.012	0.048	0.081	0.001	0.848
neutral	0.009	0.002	0.003	0.152	0.037	0.002	0.795
neutral	0.006	0.001	0.002	0.330	0.025	0.001	0.636
happy	0.002	0.000	0.001	0.831	0.008	0.001	0.158
happy	0.002	0.000	0.001	0.801	0.007	0.001	0.188
happy	0.004	0.000	0.003	0.677	0.033	0.000	0.283
happy	0.001	0.000	0.000	0.807	0.004	0.001	0.187
happy	0.001	0.000	0.000	0.835	0.005	0.000	0.158
happy	0.002	0.000	0.001	0.797	0.008	0.001	0.191
happy	0.001	0.000	0.001	0.784	0.008	0.001	0.205
happy	0.010	0.002	0.005	0.518	0.076	0.002	0.387
neutral	0.004	0.001	0.003	0.429	0.040	0.002	0.520
happy	0.005	0.001	0.003	0.474	0.050	0.002	0.466
happy	0.004	0.001	0.003	0.523	0.037	0.002	0.429
neutral	0.004	0.001	0.003	0.475	0.039	0.002	0.478
happy	0.006	0.000	0.007	0.502	0.098	0.002	0.385
happy	0.006	0.000	0.008	0.525	0.087	0.003	0.370
happy	0.007	0.000	0.008	0.538	0.080	0.004	0.363
happy	0.005	0.001	0.002	0.510	0.041	0.003	0.437
happy	0.008	0.002	0.002	0.526	0.049	0.002	0.411
neutral	0.013	0.001	0.004	0.393	0.069	0.002	0.518
happy	0.007	0.000	0.002	0.577	0.035	0.002	0.377
happy	0.009	0.001	0.002	0.508	0.037	0.002	0.441
happy	0.006	0.000	0.001	0.593	0.017	0.002	0.381
happy	0.006	0.001	0.002	0.640	0.025	0.001	0.326
happy	0.010	0.000	0.002	0.737	0.040	0.001	0.209
happy	0.008	0.000	0.001	0.752	0.017	0.001	0.221
happy	0.008	0.000	0.001	0.793	0.023	0.001	0.173
happy	0.012	0.001	0.002	0.763	0.014	0.002	0.207
happy	0.010	0.000	0.003	0.765	0.022	0.002	0.199
happy	0.007	0.000	0.002	0.847	0.011	0.001	0.132
happy	0.012	0.001	0.002	0.671	0.025	0.002	0.287
happy	0.012	0.001	0.002	0.680	0.022	0.002	0.282
happy	0.009	0.000	0.001	0.817	0.010	0.001	0.161
happy	0.011	0.001	0.004	0.628	0.047	0.002	0.308
happy	0.005	0.000	0.001	0.912	0.006	0.001	0.076
happy	0.011	0.000	0.001	0.820	0.013	0.001	0.153
happy	0.015	0.000	0.007	0.653	0.060	0.002	0.263
happy	0.018	0.000	0.003	0.861	0.019	0.002	0.097
happy	0.010	0.000	0.002	0.850	0.013	0.001	0.125
happy	0.009	0.000	0.001	0.924	0.012	0.001	0.053
happy	0.007	0.000	0.001	0.915	0.005	0.001	0.072
happy	0.010	0.000	0.001	0.886	0.012	0.001	0.090
happy	0.010	0.000	0.002	0.879	0.014	0.001	0.093
happy	0.013	0.000	0.001	0.877	0.009	0.001	0.099
happy	0.016	0.000	0.002	0.883	0.009	0.001	0.089
happy	0.016	0.000	0.002	0.881	0.016	0.001	0.084
happy	0.013	0.000	0.004	0.892	0.016	0.003	0.072
happy	0.003	0.000	0.001	0.952	0.005	0.001	0.038
happy	0.013	0.000	0.006	0.798	0.055	0.003	0.125
happy	0.006	0.000	0.001	0.880	0.013	0.001	0.097
happy	0.012	0.000	0.002	0.899	0.012	0.001	0.073
happy	0.014	0.000	0.004	0.793	0.042	0.003	0.144
happy	0.027	0.000	0.005	0.711	0.063	0.002	0.192
happy	0.025	0.000	0.006	0.745	0.052	0.002	0.169
happy	0.016	0.000	0.003	0.746	0.039	0.002	0.194
happy	0.015	0.000	0.005	0.668	0.050	0.005	0.257
happy	0.012	0.000	0.004	0.691	0.023	0.004	0.266
happy	0.030	0.000	0.007	0.673	0.032	0.003	0.255
happy	0.011	0.000	0.004	0.756	0.033	0.005	0.191
happy	0.025	0.000	0.008	0.737	0.037	0.004	0.190
happy	0.012	0.000	0.003	0.792	0.012	0.002	0.180
happy	0.012	0.000	0.004	0.718	0.019	0.003	0.245
happy	0.013	0.000	0.004	0.696	0.020	0.003	0.264
happy	0.015	0.000	0.008	0.539	0.070	0.007	0.361
happy	0.014	0.000	0.006	0.564	0.061	0.003	0.353
neutral	0.011	0.001	0.005	0.399	0.044	0.007	0.533
neutral	0.023	0.001	0.010	0.338	0.094	0.006	0.529
neutral	0.013	0.001	0.005	0.348	0.062	0.006	0.565
neutral	0.020	0.001	0.012	0.296	0.095	0.006	0.570
neutral	0.014	0.000	0.028	0.209	0.202	0.005	0.543
neutral	0.014	0.001	0.009	0.162	0.109	0.005	0.700
neutral	0.022	0.001	0.013	0.243	0.162	0.004	0.556
neutral	0.021	0.000	0.013	0.224	0.123	0.004	0.615
neutral	0.021	0.001	0.014	0.202	0.135	0.005	0.623
neutral	0.020	0.001	0.012	0.171	0.134	0.002	0.660
neutral	0.021	0.000	0.013	0.200	0.129	0.003	0.634
neutral	0.018	0.001	0.010	0.201	0.100	0.003	0.668
neutral	0.017	0.001	0.008	0.185	0.093	0.005	0.692
neutral	0.012	0.001	0.004	0.224	0.052	0.003	0.704
neutral	0.012	0.001	0.015	0.216	0.102	0.009	0.645
neutral	0.010	0.000	0.005	0.313	0.041	0.003	0.627
neutral	0.014	0.000	0.012	0.310	0.081	0.005	0.578
neutral	0.018	0.001	0.012	0.135	0.170	0.003	0.660
neutral	0.016	0.000	0.016	0.183	0.143	0.006	0.635
neutral	0.014	0.001	0.011	0.181	0.126	0.007	0.660
neutral	0.016	0.001	0.012	0.228	0.097	0.005	0.641
neutral	0.015	0.000	0.005	0.238	0.053	0.006	0.684
neutral	0.011	0.000	0.009	0.372	0.066	0.005	0.536
neutral	0.014	0.000	0.009	0.316	0.073	0.003	0.585
neutral	0.011	0.000	0.007	0.392	0.054	0.007	0.528
happy	0.006	0.000	0.001	0.988	0.001	0.003	0.001
happy	0.002	0.000	0.000	0.996	0.000	0.002	0.000
happy	0.001	0.000	0.000	0.999	0.000	0.001	0.000
happy	0.001	0.000	0.000	0.997	0.000	0.002	0.000
happy	0.001	0.000	0.000	0.999	0.000	0.000	0.000
happy	0.001	0.000	0.000	0.999	0.000	0.000	0.000
happy	0.002	0.000	0.000	0.998	0.000	0.000	0.000
happy	0.001	0.000	0.000	0.999	0.000	0.000	0.000
happy	0.002	0.000	0.000	0.998	0.000	0.000	0.000
happy	0.001	0.000	0.000	0.999	0.000	0.000	0.000
happy	0.001	0.000	0.000	0.999	0.000	0.000	0.000
happy	0.000	0.000	0.000	1.000	0.000	0.000	0.000
happy	0.003	0.000	0.000	0.997	0.000	0.000	0.000
happy	0.002	0.000	0.000	0.998	0.000	0.000	0.000
happy	0.001	0.000	0.000	0.999	0.000	0.000	0.000
happy	0.001	0.000	0.000	0.999	0.000	0.000	0.000
happy	0.001	0.000	0.000	0.998	0.000	0.000	0.000
happy	0.000	0.000	0.000	1.000	0.000	0.000	0.000
happy	0.001	0.000	0.000	0.999	0.000	0.000	0.000
happy	0.001	0.000	0.000	0.999	0.000	0.000	0.000
happy	0.000	0.000	0.000	1.000	0.000	0.000	0.000
happy	0.000	0.000	0.000	0.999	0.000	0.000	0.000
happy	0.001	0.000	0.000	0.999	0.000	0.001	0.000
happy	0.000	0.000	0.000	1.000	0.000	0.000	0.000
happy	0.000	0.000	0.000	1.000	0.000	0.000	0.000
happy	0.000	0.000	0.000	1.000	0.000	0.000	0.000
happy	0.000	0.000	0.000	1.000	0.000	0.000	0.000
happy	0.001	0.000	0.000	0.999	0.000	0.000	0.000
happy	0.001	0.000	0.000	0.999	0.000	0.000	0.000
happy	0.001	0.000	0.000	0.999	0.000	0.000	0.000
happy	0.000	0.000	0.000	0.999	0.000	0.000	0.000
happy	0.001	0.000	0.000	0.999	0.000	0.000	0.000
happy	0.001	0.000	0.000	0.999	0.000	0.000	0.000
happy	0.000	0.000	0.000	0.999	0.000	0.000	0.000
happy	0.001	0.000	0.000	0.999	0.000	0.000	0.000
happy	0.001	0.000	0.000	0.999	0.000	0.000	0.000
happy	0.001	0.000	0.000	0.999	0.000	0.000	0.000
happy	0.000	0.000	0.000	1.000	0.000	0.000	0.000
happy	0.001	0.000	0.000	0.999	0.000	0.000	0.000
happy	0.001	0.000	0.000	0.999	0.000	0.000	0.000
happy	0.001	0.000	0.000	0.999	0.000	0.000	0.000
happy	0.001	0.000	0.000	0.998	0.000	0.000	0.000
happy	0.003	0.000	0.000	0.997	0.000	0.000	0.000
happy	0.005	0.000	0.000	0.995	0.000	0.000	0.000
happy	0.004	0.000	0.000	0.995	0.000	0.000	0.000
happy	0.004	0.000	0.000	0.995	0.000	0.000	0.000
happy	0.003	0.000	0.000	0.996	0.000	0.000	0.000
happy	0.001	0.000	0.000	0.999	0.000	0.000	0.000
happy	0.001	0.000	0.000	0.998	0.000	0.000	0.000
happy	0.005	0.000	0.000	0.994	0.000	0.000	0.000
happy	0.002	0.000	0.000	0.998	0.000	0.000	0.000
happy	0.001	0.000	0.000	0.998	0.000	0.000	0.000
happy	0.001	0.000	0.000	0.999	0.000	0.000	0.000
happy	0.001	0.000	0.000	0.999	0.000	0.000	0.000
happy	0.006	0.000	0.000	0.993	0.000	0.000	0.000
happy	0.002	0.000	0.000	0.997	0.000	0.000	0.000
happy	0.000	0.000	0.000	1.000	0.000	0.000	0.000
happy	0.000	0.000	0.000	1.000	0.000	0.000	0.000
happy	0.000	0.000	0.000	1.000	0.000	0.000	0.000
happy	0.001	0.000	0.000	0.999	0.000	0.000	0.000
happy	0.001	0.000	0.000	0.999	0.000	0.000	0.000
happy	0.001	0.000	0.000	0.998	0.000	0.000	0.000
happy	0.002	0.000	0.000	0.998	0.000	0.000	0.000
happy	0.002	0.000	0.000	0.998	0.000	0.000	0.000
happy	0.002	0.000	0.000	0.998	0.000	0.000	0.000
happy	0.001	0.000	0.000	0.999	0.000	0.000	0.000
happy	0.002	0.000	0.000	0.998	0.000	0.000	0.000
happy	0.003	0.000	0.000	0.996	0.000	0.000	0.000
happy	0.008	0.000	0.000	0.991	0.000	0.000	0.000
happy	0.007	0.000	0.000	0.991	0.001	0.000	0.000
happy	0.006	0.000	0.000	0.992	0.001	0.000	0.001
happy	0.006	0.000	0.000	0.988	0.003	0.000	0.003
happy	0.007	0.000	0.001	0.984	0.002	0.000	0.007
happy	0.002	0.000	0.000	0.993	0.001	0.000	0.003
happy	0.008	0.000	0.001	0.985	0.003	0.000	0.003
happy	0.002	0.000	0.000	0.997	0.000	0.000	0.001
happy	0.001	0.000	0.000	0.998	0.000	0.000	0.000
happy	0.002	0.000	0.000	0.996	0.001	0.000	0.001
happy	0.003	0.000	0.000	0.994	0.002	0.000	0.001
happy	0.001	0.000	0.000	0.999	0.000	0.000	0.000
happy	0.001	0.000	0.000	0.999	0.000	0.000	0.000
happy	0.001	0.000	0.000	0.999	0.000	0.000	0.000
happy	0.002	0.000	0.000	0.997	0.000	0.000	0.001
happy	0.000	0.000	0.000	0.999	0.000	0.000	0.000
happy	0.003	0.000	0.000	0.996	0.000	0.000	0.001
happy	0.007	0.000	0.000	0.991	0.001	0.000	0.001
happy	0.032	0.000	0.002	0.947	0.013	0.001	0.005
happy	0.017	0.000	0.002	0.969	0.008	0.001	0.004
happy	0.018	0.000	0.003	0.965	0.011	0.000	0.003
happy	0.021	0.000	0.001	0.973	0.003	0.001	0.001
happy	0.013	0.000	0.001	0.981	0.003	0.000	0.001
happy	0.017	0.000	0.001	0.975	0.005	0.000	0.002
happy	0.006	0.000	0.000	0.990	0.001	0.000	0.002
happy	0.009	0.000	0.000	0.985	0.003	0.000	0.002
happy	0.008	0.000	0.000	0.987	0.003	0.000	0.002
happy	0.002	0.000	0.000	0.996	0.000	0.000	0.001
happy	0.004	0.000	0.000	0.995	0.000	0.000	0.000
happy	0.001	0.000	0.000	0.999	0.000	0.000	0.000
happy	0.000	0.000	0.000	1.000	0.000	0.000	0.000
happy	0.000	0.000	0.000	1.000	0.000	0.000	0.000
happy	0.000	0.000	0.000	1.000	0.000	0.000	0.000
happy	0.000	0.000	0.000	1.000	0.000	0.000	0.000
happy	0.000	0.000	0.000	1.000	0.000	0.000	0.000
happy	0.000	0.000	0.000	1.000	0.000	0.000	0.000
happy	0.000	0.000	0.000	1.000	0.000	0.000	0.000
happy	0.000	0.000	0.000	1.000	0.000	0.000	0.000
happy	0.000	0.000	0.000	1.000	0.000	0.000	0.000
happy	0.002	0.000	0.000	0.996	0.000	0.002	0.000
happy	0.001	0.000	0.000	0.999	0.000	0.000	0.000
happy	0.000	0.000	0.000	0.999	0.000	0.000	0.000
happy	0.001	0.000	0.000	0.999	0.000	0.001	0.000
happy	0.000	0.000	0.000	0.999	0.000	0.000	0.000
happy	0.001	0.000	0.000	0.999	0.000	0.000	0.000
happy	0.001	0.000	0.000	0.999	0.000	0.000	0.000
happy	0.001	0.000	0.000	0.999	0.000	0.000	0.000
happy	0.000	0.000	0.000	1.000	0.000	0.000	0.000
happy	0.001	0.000	0.000	0.999	0.000	0.000	0.000
happy	0.000	0.000	0.000	0.999	0.000	0.000	0.000
happy	0.001	0.000	0.000	0.999	0.000	0.000	0.000
happy	0.000	0.000	0.000	1.000	0.000	0.000	0.000
happy	0.000	0.000	0.000	1.000	0.000	0.000	0.000
happy	0.000	0.000	0.000	1.000	0.000	0.000	0.000
happy	0.000	0.000	0.000	1.000	0.000	0.000	0.000
happy	0.000	0.000	0.000	1.000	0.000	0.000	0.000
happy	0.000	0.000	0.000	1.000	0.000	0.000	0.000
happy	0.001	0.000	0.000	0.999	0.000	0.000	0.000
happy	0.001	0.000	0.000	0.999	0.000	0.000	0.000
happy	0.001	0.000	0.000	0.999	0.000	0.000	0.000
happy	0.002	0.000	0.000	0.997	0.000	0.000	0.000
happy	0.002	0.000	0.000	0.998	0.000	0.000	0.000
happy	0.002	0.000	0.000	0.998	0.000	0.000	0.000
happy	0.030	0.000	0.001	0.954	0.010	0.001	0.004
happy	0.068	0.000	0.005	0.875	0.041	0.002	0.008
happy	0.047	0.000	0.003	0.912	0.025	0.002	0.011
happy	0.053	0.000	0.002	0.913	0.021	0.002	0.008
happy	0.065	0.000	0.002	0.881	0.027	0.002	0.024
happy	0.119	0.000	0.004	0.811	0.038	0.002	0.025
happy	0.070	0.001	0.003	0.888	0.020	0.001	0.018
happy	0.120	0.001	0.005	0.774	0.051	0.003	0.047
happy	0.101	0.002	0.004	0.838	0.032	0.001	0.022
happy	0.085	0.002	0.004	0.844	0.035	0.001	0.029
happy	0.068	0.001	0.002	0.896	0.015	0.001	0.018
happy	0.063	0.000	0.002	0.880	0.017	0.002	0.036
happy	0.059	0.000	0.002	0.906	0.014	0.001	0.018
happy	0.050	0.000	0.003	0.894	0.034	0.001	0.017
happy	0.022	0.000	0.000	0.968	0.003	0.001	0.005
happy	0.028	0.000	0.000	0.964	0.003	0.001	0.004
happy	0.018	0.000	0.000	0.974	0.002	0.001	0.005
happy	0.011	0.000	0.000	0.983	0.001	0.001	0.003
happy	0.019	0.000	0.000	0.969	0.002	0.002	0.008
happy	0.006	0.000	0.000	0.991	0.001	0.001	0.001
happy	0.002	0.000	0.000	0.997	0.000	0.000	0.001
happy	0.003	0.000	0.000	0.997	0.000	0.000	0.000
